0 0
189 624
189 628
189 632
189 636
189 640
189 644
189 648
189 652
189 656
189 660
189 664
189 668
189 672
189 676
189 680
189 684
189 688
189 692
189 696
189 700
189 704
189 708
189 712
189 716
189 720
189 724
189 728
189 732
189 736
189 740
189 744
189 748
189 752
189 756
189 760
189 764
189 768
189 772
189 776
189 780
189 784
189 788
189 792
189 796
189 800
189 804
189 808
189 812
189 816
189 820
189 824
189 828
189 832
189 836
189 840
189 844
189 848
189 852
189 856
189 860
189 864
189 868
189 872
189 876
189 880
189 884
189 888
189 892
189 896
189 900
189 904
189 908
189 912
189 916
189 920
189 924
189 928
189 932
189 936
189 940
189 944
189 948
189 952
189 956
189 960
189 964
189 968
189 972
189 976
189 980
189 984
189 988
189 992
189 996
189 1000
189 1004
189 1008
189 1012
189 1016
189 1020
189 1024
189 1029
189 1034
189 1039
189 1044
189 1049
189 1053
189 1057
189 1061
189 1065
189 1069
189 1073
189 1077
189 1081
189 1085
189 1089
189 1093
189 1097
189 1101
189 1105
189 1109
189 1113
189 1117
189 1121
189 1125
189 1129
189 1133
189 1137
189 1141
189 1145
189 1149
189 1153
189 1157
189 1161
189 1165
189 1169
189 1173
189 1177
189 1181
189 1185
189 1189
189 1193
189 1197
189 1201
189 1205
189 1209
189 1213
189 1217
189 1221
189 1225
189 1229
189 1233
189 1237
189 1241
189 1245
189 1249
189 1253
189 1257
189 1261
189 1265
189 1269
189 1273
189 1277
189 1281
189 1285
189 1289
189 1293
189 1297
189 1301
189 1305
189 1309
189 1313
189 1317
189 1321
189 1325
189 1329
189 1333
189 1337
189 1341
189 1345
189 1349
189 1353
189 1357
189 1361
189 1365
189 1369
189 1373
189 1377
189 1381
189 1385
189 1389
189 1393
189 1397
189 1401
189 1405
189 1409
189 1413
189 1417
189 1421
189 1425
189 1429
189 1433
189 1437
189 1441
189 1445
189 1449
189 1453
189 1457
189 1461
189 1465
189 1469
189 1473
189 1477
189 1481
189 1485
189 1489
189 1493
189 1497
189 1501
189 1505
189 1509
189 1513
189 1517
189 1521
189 1525
190 1529
191 1533
192 1537
194 1541
196 1545
198 1549
200 1553
203 1556
206 1559
209 1562
212 1565
215 1568
218 1571
221 1574
224 1577
228 1579
232 1581
236 1583
240 1584
244 1585
248 1586
252 1587
256 1588
260 1588
264 1588
268 1588
272 1588
276 1588
280 1588
284 1588
288 1588
292 1588
296 1588
300 1588
304 1588
308 1588
312 1588
316 1588
320 1588
324 1588
328 1588
332 1588
336 1588
340 1588
344 1588
348 1588
352 1588
356 1588
360 1588
364 1588
368 1588
372 1588
376 1588
380 1588
384 1588
388 1588
392 1588
396 1588
400 1588
404 1588
408 1588
412 1588
416 1588
420 1588
424 1588
428 1588
432 1588
436 1588
440 1588
444 1588
448 1588
452 1588
456 1588
460 1588
464 1588
468 1588
472 1588
476 1588
480 1588
484 1588
488 1588
492 1588
496 1588
500 1588
504 1588
508 1588
512 1588
516 1588
520 1588
524 1588
528 1588
532 1588
536 1588
540 1588
544 1588
548 1588
552 1588
556 1588
560 1588
564 1588
568 1588
572 1588
576 1588
580 1588
584 1588
588 1588
592 1588
596 1588
600 1588
604 1588
608 1588
612 1587
616 1586
620 1585
624 1584
628 1583
632 1582
636 1580
640 1578
644 1575
648 1572
652 1569
656 1566
659 1562
662 1558
665 1554
668 1550
670 1545
672 1540
674 1535
676 1530
677 1525
678 1520
679 1515
680 1510
681 1505
681 1500
681 1495
681 1490
681 1485
681 1480
681 1475
681 1470
681 1465
681 1460
681 1455
681 1450
681 1445
681 1440
681 1435
681 1430
681 1425
681 1420
681 1415
681 1410
681 1405
681 1400
681 1395
681 1390
681 1385
680 1380
679 1375
678 1370
677 1365
676 1360
675 1355
674 1350
673 1345
672 1340
671 1335
670 1330
669 1325
668 1320
668 1315
668 1310
668 1305
668 1300
668 1295
668 1290
668 1285
668 1280
668 1275
667 1270
666 1265
665 1260
664 1255
663 1250
662 1245
661 1240
661 1235
661 1230
661 1225
661 1220
661 1215
661 1210
661 1205
661 1200
661 1195
661 1190
661 1185
661 1180
661 1175
661 1170
661 1165
661 1160
661 1155
661 1150
661 1145
661 1140
661 1135
661 1130
661 1125
661 1120
661 1115
661 1110
661 1105
661 1100
661 1095
661 1090
661 1085
661 1080
661 1075
661 1070
661 1065
661 1060
661 1055
661 1050
661 1045
661 1040
661 1035
661 1030
661 1025
661 1020
661 1015
661 1010
661 1005
661 1000
661 995
661 990
661 985
661 980
661 975
661 970
661 965
661 960
661 955
661 950
661 945
661 940
661 935
661 930
661 925
661 920
661 915
661 910
661 905
661 900
661 895
661 890
661 885
661 880
661 875
661 870
661 865
661 860
661 855
661 850
661 845
661 840
661 835
661 830
661 825
661 820
661 815
661 810
661 805
661 800
661 795
661 790
661 785
661 780
661 775
661 770
661 765
661 760
661 755
661 750
661 745
661 740
661 735
661 730
661 725
661 720
661 715
661 710
661 705
661 700
661 695
661 690
661 685
661 680
661 675
661 670
661 665
661 660
661 655
661 650
661 645
661 640
661 635
661 630
661 625
661 620
661 615
661 610
661 605
660 600
659 595
658 590
657 585
656 580
655 575
654 570
653 565
652 560
651 555
650 550
650 545
650 540
650 535
651 530
652 525
653 520
654 515
655 510
656 505
658 500
661 496
664 492
668 490
672 489
676 488
680 489
684 491
687 494
690 497
693 500
696 503
699 506
702 509
705 512
709 514
713 516
717 518
721 519
725 520
729 520
733 520
737 520
741 519
745 518
749 517
753 516
757 515
761 514
765 513
769 512
773 511
777 511
781 511
785 511
789 511
793 511
797 511
801 511
805 511
809 511
813 511
817 511
821 511
825 511
829 511
833 511
837 511
841 511
845 511
849 511
853 511
857 511
861 511
865 511
869 511
873 511
877 511
881 511
885 511
889 511
893 511
897 511
901 511
905 511
909 511
913 511
917 512
921 513
925 514
929 516
933 518
937 520
940 523
943 526
946 529
949 532
952 535
955 538
958 541
961 544
964 547
967 550
969 554
971 558
973 562
974 566
975 570
976 574
977 578
977 582
977 586
977 590
977 594
977 598
977 602
977 606
977 610
978 614
979 618
980 622
981 626
982 630
983 634
983 638
983 642
983 646
983 650
983 654
983 658
983 662
983 666
983 670
983 674
983 678
983 682
983 686
983 690
983 694
983 698
983 702
983 706
983 710
983 714
983 718
983 722
983 726
983 730
983 734
983 738
983 742
983 746
983 750
983 754
983 758
983 762
983 766
983 770
983 774
983 778
983 782
983 786
983 790
983 794
983 798
983 802
983 806
983 810
983 814
983 818
983 822
983 826
983 830
983 834
983 838
983 842
983 846
983 850
983 854
983 858
983 862
983 866
983 870
983 874
983 878
983 882
983 886
983 890
983 894
983 898
983 902
983 906
983 910
983 914
983 918
984 922
985 926
986 930
987 934
989 938
991 942
993 946
996 949
999 952
1002 955
1005 958
1008 961
1011 964
1014 967
1017 970
1020 973
1023 976
1026 979
1029 982
1032 985
1035 988
1039 990
1043 992
1047 994
1051 995
1055 996
1059 997
1063 998
1067 999
1071 1000
1075 1001
1079 1002
1083 1003
1087 1004
1091 1004
1095 1004
1099 1004
1103 1003
1107 1002
1111 1001
1115 1000
1119 999
1123 998
1127 997
1131 996
1135 995
1139 994
1143 993
1147 992
1151 991
1155 990
1159 989
1163 988
1167 987
1171 986
1175 985
1179 984
1183 983
1187 982
1191 981
1195 980
1199 978
1203 976
1207 974
1211 971
1215 968
1219 965
1222 961
1225 957
1228 953
1231 949
1234 945
1237 941
1240 937
1243 933
1246 929
1249 925
1252 921
1255 917
1257 912
1259 907
1261 902
1262 897
1263 892
1264 887
1264 882
1264 877
1264 872
1263 867
1262 862
1261 857
1260 852
1259 847
1258 842
1258 837
1258 832
1258 827
1258 822
1258 817
1258 812
1258 807
1258 802
1258 797
1258 792
1258 787
1258 782
1258 777
1258 772
1258 767
1258 762
1258 757
1258 752
1258 747
1258 742
1258 737
1258 732
1258 727
1258 722
1258 717
1258 712
1258 707
1258 702
1258 697
1258 692
1258 687
1258 682
1258 677
1258 672
1258 667
1258 662
1258 657
1258 652
1257 647
1256 642
1255 637
1254 632
1253 627
1253 622
1253 617
1253 612
1253 607
1253 602
1253 597
1253 592
1253 587
1253 582
1253 577
1253 572
1253 567
1253 562
1253 557
1253 552
1253 547
1253 542
1253 537
1253 532
1253 527
1253 522
1253 517
1253 512
1253 507
1253 502
1253 497
1253 492
1253 487
1253 482
1253 477
1253 472
1253 467
1253 462
1253 457
1253 452
1253 447
1253 442
1253 437
1253 432
1253 427
1253 422
1253 417
1253 412
1253 407
1253 402
1253 397
1253 392
1253 387
1253 382
1253 377
1253 372
1253 367
1253 362
1253 357
1253 352
1253 347
1252 342
1251 337
1250 332
1249 327
1248 322
1247 317
1246 312
1244 307
1242 302
1240 297
1237 292
1234 287
1230 283
1226 279
1222 275
1218 271
1214 267
1210 263
1206 259
1202 255
1198 251
1194 247
1189 244
1184 241
1179 238
1174 236
1169 234
1164 232
1159 230
1154 228
1149 226
1144 224
1139 222
1134 220
1129 218
1124 216
1119 214
1114 213
1109 212
1104 211
1099 210
1094 209
1089 208
1084 207
1079 206
1074 205
1069 204
1064 203
1059 202
1054 201
1049 200
1044 199
1039 198
1034 197
1029 196
1024 195
1019 194
1014 193
1009 193
1004 193
999 193
994 193
989 193
984 193
979 193
974 193
969 193
964 193
959 193
954 193
949 193
944 193
939 193
934 193
929 193
924 193
919 193
914 193
909 193
904 193
899 193
894 193
889 193
884 193
879 193
874 193
869 193
864 193
859 193
854 193
849 193
844 193
839 193
834 193
829 193
824 193
819 193
814 193
809 193
804 193
799 193
794 193
789 193
784 193
779 193
774 193
769 193
764 193
759 193
754 193
749 193
744 193
739 193
734 193
729 193
724 193
719 193
714 193
709 193
704 193
699 193
694 193
689 193
684 193
679 193
674 193
669 193
664 193
659 193
654 193
649 193
644 193
639 193
634 193
629 193
624 193
619 193
614 193
609 193
604 193
599 193
594 193
589 193
584 193
579 193
574 193
569 193
564 193
559 193
554 193
549 193
544 193
539 193
534 193
529 193
524 193
519 193
514 193
509 193
504 193
499 193
494 193
489 193
484 193
479 193
474 193
469 193
464 193
459 193
454 193
449 193
444 193
439 193
434 193
429 193
424 193
419 193
414 193
409 193
404 193
399 193
394 193
389 193
384 193
379 193
374 193
369 193
364 193
359 193
354 193
349 193
344 193
339 193
334 193
329 193
324 193
319 193
314 193
309 193
304 193
299 193
294 193
289 193
284 193
279 193
274 193
269 193
264 193
259 194
254 195
249 196
244 197
239 199
234 201
229 203
224 205
220 208
216 211
212 214
208 217
204 220
200 223
197 227
194 231
191 235
189 239
187 243
185 247
184 251
183 255
182 259
181 263
180 267
179 271
178 275
177 279
176 283
175 287
175 291
175 295
175 299
175 303
175 307
175 311
175 315
175 319
175 323
175 327
175 331
175 335
175 339
175 343
175 347
175 351
175 355
175 359
175 363
175 367
175 371
175 375
175 379
175 383
176 387
177 391
178 395
179 399
180 403
181 407
181 411
181 415
181 419
181 423
181 427
181 431
181 435
181 439
181 443
181 447
181 451
182 455
183 459
184 463
185 467
186 471
187 475
187 479
187 483
187 487
187 491
187 495
187 499
187 503
187 507
187 511
187 515
187 519
187 523
187 527
187 531
187 535
188 539
189 543
190 547
190 551
190 555
190 559
190 563
190 567
190 571
190 575
190 579
190 583
190 587
190 591
190 595
190 599
190 603
190 607
190 611
190 615
190 619
0 0
132 655
132 660
132 665
132 670
132 675
132 680
132 685
132 690
132 695
132 700
132 705
132 710
132 715
132 720
132 725
132 730
132 735
132 740
132 745
132 750
132 755
132 760
132 765
132 770
132 775
132 780
132 785
132 790
132 795
132 800
132 805
132 810
132 815
132 820
132 825
132 830
132 835
132 840
132 845
132 850
132 855
132 860
132 865
132 870
132 875
132 880
132 885
132 890
132 896
132 902
132 908
132 914
132 920
132 926
132 932
132 938
132 944
132 950
132 956
132 962
132 968
132 974
132 980
132 986
132 992
132 998
132 1003
132 1008
132 1013
132 1018
132 1023
132 1028
132 1033
132 1038
132 1043
132 1048
132 1053
132 1058
132 1063
132 1068
132 1073
132 1078
132 1083
132 1088
132 1093
132 1098
132 1103
132 1108
132 1113
132 1118
132 1123
132 1128
132 1133
132 1138
132 1143
132 1148
132 1153
132 1158
132 1163
132 1168
132 1173
132 1178
132 1183
132 1188
132 1193
132 1198
132 1203
132 1208
132 1213
132 1218
132 1223
132 1228
132 1233
132 1238
132 1243
132 1248
132 1253
132 1258
132 1263
132 1268
132 1273
132 1278
132 1283
132 1288
132 1293
132 1298
132 1303
132 1308
132 1313
132 1318
132 1323
132 1328
132 1333
132 1338
132 1343
132 1348
132 1353
132 1358
132 1363
132 1368
132 1373
132 1378
132 1383
132 1388
132 1393
132 1398
132 1403
132 1408
132 1413
132 1418
132 1423
132 1428
132 1433
132 1438
132 1443
132 1448
132 1453
132 1458
132 1463
132 1468
132 1473
132 1478
132 1483
132 1488
132 1493
132 1498
132 1503
132 1508
132 1513
132 1518
132 1523
132 1528
132 1533
132 1538
132 1543
132 1548
132 1553
132 1558
132 1563
133 1568
134 1573
135 1578
136 1583
138 1587
140 1591
142 1595
145 1599
148 1603
151 1607
154 1611
158 1614
162 1617
166 1620
170 1623
174 1625
178 1627
182 1629
187 1630
192 1631
197 1632
202 1633
207 1634
212 1635
217 1636
222 1637
227 1638
232 1639
237 1640
242 1641
247 1642
252 1643
257 1644
262 1644
267 1644
272 1644
277 1644
282 1644
287 1644
292 1644
297 1644
302 1644
307 1644
312 1644
317 1644
322 1644
327 1644
332 1644
337 1644
342 1644
347 1644
352 1644
357 1644
362 1644
367 1644
372 1644
377 1644
382 1644
387 1644
392 1644
397 1644
402 1644
407 1644
412 1644
417 1644
422 1644
427 1644
432 1644
437 1644
442 1644
447 1644
452 1644
457 1644
462 1644
467 1644
472 1644
477 1644
482 1644
487 1644
492 1644
497 1644
502 1644
507 1644
512 1644
517 1644
522 1644
527 1644
532 1644
537 1644
542 1644
547 1644
552 1644
557 1644
562 1644
567 1644
572 1644
577 1644
582 1644
587 1644
592 1644
597 1644
602 1644
607 1643
612 1642
617 1641
622 1640
627 1639
632 1638
637 1637
642 1635
647 1633
652 1631
656 1628
660 1625
664 1622
668 1618
672 1614
676 1610
679 1605
682 1600
685 1595
688 1590
691 1585
693 1580
695 1575
697 1570
699 1565
701 1560
702 1554
703 1548
704 1542
705 1536
706 1530
707 1524
708 1518
709 1512
710 1506
711 1500
712 1494
713 1488
714 1482
714 1476
714 1470
714 1464
714 1458
714 1452
714 1446
714 1440
714 1434
714 1428
714 1422
714 1416
714 1410
714 1404
714 1398
714 1392
714 1386
714 1380
714 1374
714 1368
714 1362
714 1356
714 1350
714 1344
714 1338
714 1332
714 1326
714 1320
714 1314
714 1308
714 1302
714 1296
714 1290
714 1284
714 1278
714 1272
714 1266
714 1260
714 1254
714 1248
714 1242
714 1236
714 1230
714 1224
714 1218
714 1212
714 1206
714 1200
714 1194
714 1188
714 1182
714 1176
714 1170
714 1164
714 1158
714 1152
714 1146
714 1140
714 1134
714 1128
714 1122
714 1116
714 1110
713 1104
712 1098
711 1092
710 1086
709 1080
708 1074
707 1068
706 1062
705 1056
704 1050
703 1044
702 1038
701 1032
700 1026
699 1020
698 1014
698 1008
698 1002
698 996
698 990
698 984
698 978
698 972
698 966
698 960
698 954
698 948
698 942
698 936
698 930
698 924
698 918
698 912
698 906
698 900
698 894
698 888
698 882
698 876
698 870
698 864
698 858
698 852
698 846
698 840
698 834
698 828
698 822
698 816
698 810
698 804
698 798
698 792
698 786
698 780
698 774
698 768
698 762
698 756
698 750
698 744
698 738
698 732
698 726
698 720
698 714
698 708
698 702
698 696
698 690
698 684
698 678
698 672
698 666
698 660
698 654
698 648
698 642
698 636
698 630
699 624
700 618
701 612
703 607
705 602
707 597
710 592
713 587
716 582
719 577
723 573
727 569
731 565
735 562
739 559
743 556
747 553
751 550
755 547
759 544
763 541
768 539
773 537
778 535
783 534
788 533
793 532
798 531
803 530
808 529
813 528
818 528
823 528
828 528
833 528
838 528
843 528
848 528
853 528
858 528
863 528
868 528
873 528
878 529
883 530
888 531
893 532
897 534
901 536
905 538
909 541
913 544
917 547
921 550
924 554
927 558
929 562
931 566
933 570
935 574
936 579
937 584
938 589
939 594
939 599
939 604
939 609
939 614
939 619
939 624
939 629
939 634
939 639
939 644
939 649
939 654
939 659
939 664
939 669
939 674
939 679
939 684
939 689
939 694
939 699
939 704
939 709
939 714
939 719
939 724
939 729
939 734
939 739
939 744
939 749
939 754
939 759
939 764
939 769
939 774
939 779
939 784
939 789
939 794
939 799
939 804
939 809
939 814
939 819
939 824
939 829
939 834
939 839
939 844
939 849
939 854
939 859
939 864
939 869
939 874
939 879
939 884
939 889
939 894
939 899
939 904
939 909
939 914
939 919
939 924
939 929
939 934
940 939
941 944
943 948
945 952
947 956
949 960
952 964
955 968
958 972
961 976
964 980
967 984
970 988
973 992
976 996
980 999
984 1002
988 1005
992 1008
996 1010
1000 1012
1004 1014
1008 1016
1012 1018
1016 1020
1020 1022
1024 1024
1028 1026
1033 1027
1038 1028
1043 1029
1048 1030
1053 1030
1058 1030
1063 1030
1068 1030
1073 1030
1078 1030
1083 1030
1088 1030
1093 1030
1098 1030
1103 1030
1108 1030
1113 1030
1118 1030
1123 1030
1128 1029
1133 1028
1138 1027
1143 1026
1148 1025
1153 1024
1158 1023
1163 1022
1168 1021
1173 1020
1178 1019
1183 1018
1188 1017
1193 1016
1198 1015
1203 1014
1208 1013
1213 1012
1218 1011
1223 1010
1228 1008
1233 1006
1238 1004
1243 1002
1248 1000
1253 998
1258 996
1263 994
1268 992
1272 989
1276 986
1280 983
1284 980
1288 976
1292 972
1296 968
1299 963
1302 958
1305 953
1307 948
1309 943
1311 938
1313 933
1315 928
1316 922
1317 916
1318 910
1319 904
1320 898
1320 892
1320 886
1320 880
1320 874
1320 868
1320 862
1320 856
1320 850
1320 844
1320 838
1320 832
1320 826
1320 820
1320 814
1320 808
1320 802
1320 796
1320 791
1320 786
1320 781
1320 776
1320 771
1320 766
1320 761
1320 756
1320 751
1320 746
1320 741
1320 736
1320 731
1320 726
1320 721
1320 716
1320 711
1320 706
1320 701
1320 696
1320 691
1320 686
1320 681
1320 676
1320 671
1320 666
1320 661
1320 656
1320 651
1320 646
1320 641
1320 636
1320 631
1320 626
1320 621
1320 616
1320 610
1320 604
1320 599
1320 593
1320 587
1320 581
1320 575
1320 569
1320 563
1320 557
1320 551
1320 545
1320 539
1320 533
1320 527
1320 521
1320 515
1320 509
1320 503
1320 497
1320 491
1320 485
1320 479
1320 473
1319 467
1318 461
1317 455
1316 449
1315 443
1314 437
1313 431
1312 425
1311 419
1310 413
1309 407
1308 401
1307 395
1306 389
1305 383
1304 377
1303 371
1302 365
1301 359
1300 353
1299 347
1298 341
1297 335
1296 329
1295 323
1293 317
1291 311
1289 305
1286 300
1283 295
1280 290
1277 285
1273 280
1269 275
1265 270
1261 265
1257 260
1253 255
1249 250
1245 245
1241 240
1236 236
1231 232
1226 228
1221 224
1216 221
1211 218
1206 215
1201 212
1196 209
1191 206
1185 204
1179 202
1173 200
1167 198
1161 197
1155 196
1149 195
1143 194
1137 193
1131 192
1125 191
1119 190
1113 189
1107 188
1101 187
1095 186
1089 185
1083 184
1077 183
1071 182
1065 181
1059 180
1053 180
1047 180
1041 180
1035 180
1029 180
1023 180
1017 180
1011 180
1005 180
999 180
993 180
987 180
981 180
975 180
969 180
963 180
957 180
951 180
945 180
939 180
933 180
927 180
921 180
915 180
909 180
903 180
897 180
891 180
885 180
879 180
873 180
867 180
861 180
855 180
849 180
843 180
837 180
831 180
825 180
819 180
813 180
807 180
801 180
795 180
789 180
783 180
777 180
771 180
765 180
759 180
753 180
747 180
741 180
735 180
729 180
723 180
717 180
711 180
705 180
699 180
693 180
687 180
681 180
675 180
669 180
663 180
657 180
651 180
645 180
639 180
633 180
627 180
621 180
615 180
609 180
603 180
597 180
591 180
585 180
579 180
573 180
567 180
561 180
555 180
549 180
543 180
537 180
531 180
525 180
519 180
513 180
507 180
501 180
495 180
489 180
483 180
477 180
471 180
465 180
459 180
453 180
447 180
441 180
435 180
429 180
423 180
417 180
411 180
405 180
399 180
393 180
387 180
381 180
375 180
369 180
363 180
357 180
351 180
345 180
339 180
333 180
327 180
321 180
315 180
309 180
303 180
297 180
291 180
285 180
279 180
273 180
267 180
261 180
255 180
249 180
243 180
237 181
231 182
225 183
219 184
214 186
209 188
204 190
199 193
194 196
189 199
185 203
181 207
177 211
174 215
171 219
168 223
166 228
164 233
162 238
161 243
160 248
159 253
158 258
157 263
156 268
155 273
154 278
153 283
152 288
151 293
150 298
149 303
148 308
147 313
146 318
145 323
144 328
143 333
142 338
141 343
141 348
141 353
141 358
141 363
141 368
141 373
141 378
141 383
141 388
141 393
141 399
141 404
141 409
141 414
141 419
141 424
141 429
141 434
141 439
141 444
141 449
141 454
141 459
141 464
140 469
139 474
138 479
137 484
136 489
135 494
134 499
134 504
134 509
134 514
134 519
134 524
134 529
134 534
134 539
134 544
134 549
134 554
134 559
134 564
134 569
134 574
134 579
134 584
134 589
134 594
134 599
134 604
134 609
133 614
132 619
131 624
131 629
131 634
131 639
131 644
131 649
0 0
189 697
189 702
189 707
189 712
189 717
189 722
189 727
189 732
189 737
189 742
189 747
189 752
189 757
189 762
189 767
189 772
189 777
189 782
189 787
189 792
189 797
189 802
189 807
189 812
189 817
189 822
189 827
189 832
189 837
189 842
189 847
189 852
189 857
189 862
189 867
189 872
189 877
189 882
189 887
189 892
189 897
189 902
189 907
189 912
189 917
189 922
189 927
189 932
189 937
189 942
189 947
189 952
189 957
189 962
189 967
189 972
189 977
189 982
189 987
189 992
189 997
189 1002
189 1007
189 1012
189 1017
189 1022
189 1027
189 1032
189 1037
189 1042
189 1047
189 1052
189 1057
189 1062
189 1067
189 1072
189 1077
189 1082
189 1087
189 1092
189 1097
189 1102
189 1107
189 1112
189 1117
189 1122
189 1127
189 1132
189 1137
189 1142
189 1147
189 1152
189 1157
189 1162
189 1167
189 1172
189 1177
189 1182
189 1187
189 1192
189 1197
189 1202
189 1207
189 1212
189 1217
189 1222
189 1227
189 1232
189 1237
189 1242
189 1247
189 1252
189 1257
189 1262
189 1267
189 1272
189 1277
189 1282
189 1287
189 1292
189 1297
189 1302
189 1307
189 1312
189 1317
189 1322
189 1327
189 1332
189 1337
189 1342
189 1347
189 1352
189 1357
189 1362
189 1367
189 1372
189 1377
189 1382
189 1387
189 1392
189 1397
189 1402
189 1407
189 1412
189 1417
189 1422
189 1427
189 1432
189 1437
189 1442
189 1447
189 1452
189 1457
189 1462
189 1467
189 1472
189 1477
189 1482
189 1487
189 1492
189 1497
189 1502
189 1507
189 1512
190 1517
191 1522
192 1527
193 1532
194 1537
195 1542
196 1547
198 1551
200 1555
202 1559
205 1563
208 1567
211 1571
215 1574
219 1577
223 1580
227 1582
231 1584
236 1585
241 1586
246 1587
251 1587
256 1587
261 1587
266 1587
271 1587
276 1587
281 1587
286 1587
291 1587
296 1587
301 1587
306 1587
311 1587
316 1587
321 1587
326 1587
331 1587
336 1587
341 1587
346 1587
351 1587
356 1587
361 1587
366 1587
371 1587
376 1587
381 1587
386 1587
391 1587
396 1587
401 1587
406 1587
411 1587
416 1587
421 1587
426 1587
431 1587
436 1587
441 1587
446 1587
451 1587
456 1587
461 1587
466 1587
471 1587
476 1587
481 1587
486 1587
491 1587
496 1587
501 1587
506 1587
511 1587
516 1587
521 1587
526 1587
531 1587
536 1587
541 1587
546 1587
551 1587
556 1587
561 1587
566 1587
571 1587
576 1587
581 1587
586 1587
591 1587
596 1587
601 1587
606 1587
611 1587
616 1587
621 1587
626 1587
631 1586
636 1585
641 1583
646 1581
651 1579
655 1576
659 1573
663 1569
667 1565
671 1561
674 1556
677 1551
680 1546
682 1541
684 1536
686 1531
687 1525
688 1519
689 1513
689 1507
689 1501
689 1495
689 1489
689 1483
688 1477
687 1471
686 1465
684 1459
682 1453
680 1447
678 1441
676 1435
674 1429
672 1423
670 1417
669 1411
668 1405
667 1399
666 1393
665 1387
665 1381
665 1375
665 1369
665 1363
665 1357
665 1351
665 1345
665 1339
665 1333
665 1327
665 1321
665 1315
665 1309
665 1303
665 1297
665 1291
665 1285
665 1279
665 1273
665 1267
665 1261
665 1255
665 1249
665 1243
665 1237
665 1231
665 1225
665 1219
665 1213
665 1207
665 1201
665 1195
665 1189
665 1183
665 1177
665 1171
665 1165
665 1159
665 1153
665 1147
665 1141
665 1135
665 1129
665 1123
665 1117
665 1111
665 1105
665 1099
665 1093
665 1087
665 1081
665 1075
665 1069
665 1063
665 1057
665 1051
665 1045
665 1039
665 1033
665 1027
665 1021
665 1015
665 1009
665 1003
665 997
665 991
665 985
665 979
665 973
665 967
665 961
665 955
665 949
665 943
665 937
665 931
665 925
665 919
665 913
665 907
664 901
663 895
662 889
661 883
660 877
660 871
660 865
660 859
660 853
661 847
662 841
663 835
664 829
666 824
668 819
670 814
672 809
674 804
675 798
676 792
676 786
676 780
676 774
676 768
676 762
676 756
676 750
676 744
676 738
676 732
676 726
676 720
676 714
676 708
676 702
676 696
676 690
676 684
676 678
676 672
676 666
676 660
676 654
676 648
676 642
677 636
678 630
679 624
681 619
683 614
686 609
689 604
692 599
696 595
700 591
704 588
708 585
713 583
718 581
723 580
728 579
733 578
738 577
743 576
748 575
753 574
758 573
763 572
768 571
773 570
778 569
783 568
788 567
793 566
798 565
803 564
808 563
813 562
818 561
823 560
828 559
833 558
838 557
843 556
848 555
853 554
858 553
863 552
868 552
873 552
878 552
883 552
888 552
893 552
898 553
903 554
908 555
913 556
918 557
923 558
928 559
933 560
938 561
942 563
946 565
950 568
954 571
958 574
962 577
966 580
970 583
973 587
975 591
976 596
976 601
975 606
974 611
972 616
969 620
966 624
963 628
961 633
959 638
957 643
956 648
955 653
954 658
953 663
952 668
951 673
950 678
949 683
948 688
947 693
946 698
945 703
944 708
943 713
942 718
941 723
940 728
939 733
938 738
937 743
936 748
935 753
934 758
933 763
932 768
932 773
932 778
932 783
932 788
932 793
932 798
932 803
932 808
932 813
932 818
932 823
932 828
932 833
932 838
932 843
932 848
932 853
932 858
932 863
932 868
932 873
932 878
932 883
932 888
932 893
932 898
932 903
932 908
932 913
932 918
932 923
933 928
934 933
936 937
938 941
940 945
943 949
946 953
949 957
952 961
956 964
960 967
964 970
968 972
972 974
976 976
980 978
984 980
988 982
992 984
996 986
1000 988
1004 990
1008 992
1012 994
1017 995
1022 996
1027 997
1032 997
1037 997
1042 997
1047 997
1052 997
1057 997
1062 997
1067 997
1072 997
1077 997
1082 997
1087 997
1092 997
1097 997
1102 996
1107 995
1112 994
1117 992
1122 990
1127 988
1131 985
1135 982
1139 978
1143 974
1147 970
1150 965
1153 960
1156 955
1159 950
1161 945
1163 940
1165 935
1166 929
1167 923
1168 917
1169 911
1170 905
1171 899
1172 893
1173 887
1174 881
1175 875
1176 869
1177 863
1178 857
1179 851
1180 845
1181 839
1182 833
1182 827
1182 821
1182 815
1182 809
1182 803
1182 797
1182 791
1182 785
1182 779
1182 773
1182 767
1182 761
1182 755
1182 749
1182 743
1182 737
1182 731
1182 725
1182 719
1182 713
1182 707
1182 701
1182 695
1182 689
1182 683
1182 677
1182 671
1182 665
1182 659
1182 653
1182 647
1182 641
1182 635
1182 629
1182 623
1182 617
1182 611
1182 605
1182 599
1182 593
1182 587
1182 581
1182 575
1182 569
1182 563
1182 557
1182 551
1182 545
1182 539
1182 533
1182 527
1182 521
1182 515
1182 509
1182 503
1182 497
1182 491
1182 485
1182 479
1182 473
1182 467
1182 461
1182 455
1182 449
1182 443
1182 437
1182 431
1182 425
1182 419
1182 413
1182 407
1182 401
1182 395
1182 389
1182 383
1182 377
1182 371
1182 365
1182 359
1182 353
1182 347
1182 341
1182 335
1182 329
1182 323
1182 317
1182 311
1182 305
1182 299
1182 293
1182 287
1182 281
1182 275
1182 269
1182 263
1182 257
1182 251
1182 245
1182 239
1182 233
1182 227
1182 221
1182 215
1182 209
1182 203
1182 197
1182 191
1182 185
1181 179
1179 173
1176 168
1172 163
1167 159
1162 156
1156 154
1150 152
1144 150
1138 149
1132 148
1126 147
1120 146
1114 145
1108 144
1102 143
1096 142
1090 141
1084 140
1078 139
1072 138
1066 137
1060 136
1054 135
1048 134
1042 133
1036 132
1030 131
1024 130
1018 129
1012 128
1006 127
1000 126
994 125
988 124
982 123
976 122
970 121
964 120
958 119
952 118
946 117
940 116
934 116
928 116
922 116
916 117
910 118
904 119
898 120
892 121
886 122
880 123
874 124
868 125
862 126
856 127
850 128
844 129
838 130
832 131
826 132
820 132
814 132
808 132
802 132
796 132
790 132
784 132
778 132
772 132
766 132
760 132
754 132
748 132
742 132
736 132
730 132
724 132
718 132
712 132
706 132
700 132
694 132
688 132
682 132
676 132
670 132
664 132
658 132
652 132
646 132
640 132
634 132
628 132
622 132
616 132
610 132
604 132
598 132
592 132
586 132
580 132
574 132
568 132
562 132
556 132
550 132
544 132
538 132
532 132
526 132
520 132
514 132
508 132
502 132
496 132
490 132
484 132
478 132
472 132
466 132
460 132
454 132
448 132
442 132
436 132
430 132
424 132
418 132
412 132
406 132
400 132
394 132
388 132
382 132
376 132
370 132
364 132
358 132
352 132
346 132
340 132
334 132
328 132
322 132
316 132
310 132
304 132
298 132
292 132
286 133
280 134
274 135
268 136
262 137
256 138
251 140
246 142
241 144
236 147
231 150
227 154
223 158
219 162
215 166
212 170
209 174
206 178
203 182
200 186
197 190
195 195
194 200
193 205
192 210
191 215
190 220
189 225
188 230
187 235
186 240
185 245
184 250
183 255
182 260
181 265
180 270
179 275
178 280
178 285
178 290
178 295
178 300
178 305
178 310
178 315
178 320
178 325
179 330
180 335
181 340
182 345
183 350
184 355
185 360
185 365
185 370
185 375
185 380
185 385
185 390
185 395
185 400
185 405
185 410
185 415
185 420
185 425
185 430
185 435
185 440
185 445
185 450
185 455
185 460
185 465
185 470
185 475
185 480
185 485
185 490
185 495
185 500
185 505
185 510
185 515
185 520
185 525
185 530
185 535
185 540
185 545
185 550
185 555
185 560
185 565
185 570
186 575
187 580
188 585
188 590
188 595
188 600
188 605
188 610
188 615
188 620
188 625
188 630
188 635
188 640
188 645
188 650
188 655
188 660
188 665
188 670
188 675
188 680
188 685
188 690
0 0
132 746
132 751
132 756
132 761
132 766
132 771
132 776
132 781
132 786
132 791
132 796
132 801
132 806
132 811
132 816
132 821
132 826
132 831
132 836
132 841
132 846
132 851
132 856
132 861
132 866
132 871
132 876
132 881
132 886
132 891
132 896
132 901
132 906
132 911
132 916
132 921
132 926
132 931
132 936
132 941
132 946
132 951
132 956
132 961
132 966
132 971
132 976
132 981
132 986
132 991
132 996
132 1001
132 1006
132 1011
132 1016
132 1021
132 1026
132 1031
132 1036
132 1041
132 1046
132 1051
132 1056
132 1061
132 1066
132 1071
132 1076
132 1081
132 1086
132 1091
132 1096
132 1101
132 1106
132 1111
132 1116
132 1121
132 1126
132 1131
132 1136
132 1141
132 1146
132 1151
132 1156
132 1161
132 1166
132 1171
132 1176
132 1181
132 1186
132 1191
132 1196
132 1201
132 1206
132 1211
132 1216
132 1221
132 1226
132 1231
132 1236
132 1241
132 1246
132 1251
132 1256
132 1261
132 1266
132 1271
132 1276
132 1281
132 1286
132 1291
132 1296
132 1301
132 1306
132 1311
132 1316
132 1321
132 1326
132 1331
132 1336
132 1341
132 1346
132 1351
132 1356
132 1361
132 1366
132 1371
132 1376
132 1381
132 1386
132 1391
132 1396
132 1401
132 1406
132 1411
132 1416
132 1421
132 1426
132 1431
132 1436
132 1441
132 1446
132 1451
132 1456
132 1461
132 1466
132 1471
132 1476
132 1481
132 1486
132 1491
132 1496
132 1501
132 1506
132 1511
132 1516
132 1521
132 1526
132 1531
133 1536
134 1541
135 1546
136 1551
137 1556
138 1561
139 1566
140 1571
141 1576
142 1581
143 1586
145 1590
147 1594
149 1598
151 1602
154 1606
157 1610
161 1613
165 1616
169 1619
173 1621
177 1623
181 1625
185 1627
189 1629
193 1631
197 1633
201 1635
206 1636
211 1637
216 1638
221 1639
226 1640
231 1641
236 1642
241 1643
246 1643
251 1643
256 1643
261 1643
266 1643
271 1643
276 1643
281 1643
286 1643
291 1643
296 1643
301 1643
306 1643
311 1643
316 1643
321 1643
326 1643
331 1643
336 1643
341 1643
346 1643
351 1643
356 1643
361 1643
366 1643
371 1643
376 1643
381 1643
386 1643
391 1643
396 1643
401 1643
406 1643
411 1643
416 1643
421 1643
426 1643
431 1643
436 1643
441 1643
446 1643
451 1643
456 1643
461 1643
466 1643
471 1643
476 1643
481 1643
486 1643
491 1643
496 1643
501 1643
506 1643
511 1643
516 1643
521 1643
526 1643
531 1643
536 1643
541 1643
546 1643
551 1643
556 1643
561 1643
566 1643
571 1643
576 1643
581 1643
586 1643
591 1643
596 1643
601 1643
606 1643
611 1643
616 1643
621 1643
626 1643
631 1643
636 1643
641 1642
646 1641
651 1640
656 1638
661 1636
665 1633
669 1630
673 1626
677 1622
680 1617
683 1612
686 1607
689 1602
692 1597
695 1592
698 1587
700 1582
702 1577
704 1572
706 1567
707 1561
708 1555
709 1549
710 1543
710 1537
710 1531
710 1525
710 1519
710 1513
710 1507
710 1501
710 1495
710 1489
710 1483
710 1477
710 1471
710 1465
710 1459
710 1453
710 1447
710 1441
710 1435
710 1429
710 1423
710 1417
710 1411
710 1405
710 1399
710 1393
710 1387
710 1381
710 1375
710 1369
710 1363
710 1357
710 1351
710 1345
710 1339
710 1333
710 1327
710 1321
710 1315
710 1309
710 1303
710 1297
710 1291
710 1285
710 1279
710 1273
710 1267
710 1261
710 1255
710 1249
710 1243
710 1237
710 1231
710 1225
710 1219
710 1213
710 1207
710 1201
710 1195
710 1189
710 1183
710 1177
710 1171
710 1165
710 1159
710 1153
710 1147
710 1141
710 1135
710 1129
710 1123
710 1117
710 1111
710 1105
710 1099
710 1093
710 1087
710 1081
710 1075
710 1069
710 1063
710 1057
710 1051
710 1045
710 1039
710 1033
710 1027
710 1021
710 1015
710 1009
710 1003
710 997
710 991
710 985
710 979
710 973
710 967
710 961
710 955
710 949
710 943
710 937
710 931
710 925
710 919
710 913
710 907
710 901
710 895
710 889
710 883
710 877
710 871
710 865
710 859
710 853
710 847
710 841
710 835
710 829
710 823
710 817
710 811
710 805
710 799
710 793
710 787
710 781
710 775
710 769
710 763
710 757
710 751
710 745
710 739
710 733
710 727
710 721
710 715
710 709
710 703
710 697
710 691
710 685
710 679
710 673
710 667
710 661
710 655
710 649
710 643
710 637
710 631
710 625
710 619
710 613
710 607
710 601
710 595
710 589
711 583
712 577
713 571
715 566
717 561
720 556
723 551
727 547
731 543
735 540
739 537
744 535
749 533
754 532
759 531
764 531
769 531
774 531
779 531
784 531
789 531
794 531
799 531
804 531
809 531
814 531
819 531
824 531
829 531
834 531
839 531
844 531
849 531
854 531
859 531
864 531
869 531
874 531
879 531
884 531
889 531
894 532
899 533
903 535
907 537
911 540
915 543
918 547
921 551
923 555
925 559
926 564
927 569
927 574
927 579
927 584
927 589
927 594
927 599
927 604
927 609
927 614
927 619
927 624
927 629
927 634
927 639
927 644
927 649
927 654
927 659
927 664
927 669
927 674
927 679
927 684
927 689
927 694
927 699
927 704
927 709
927 714
927 719
927 724
927 729
927 734
927 739
927 744
927 749
927 754
927 759
927 764
927 769
927 774
927 779
927 784
927 789
927 794
927 799
927 804
927 809
927 814
927 819
927 824
927 829
927 834
927 839
927 844
927 849
927 854
927 859
927 864
927 869
927 874
927 879
927 884
927 889
927 894
927 899
927 904
927 909
927 914
927 919
927 924
927 929
927 934
927 939
927 944
927 949
927 954
927 959
928 964
930 968
932 972
934 976
937 980
940 984
943 988
946 992
949 996
952 1000
955 1004
959 1007
963 1010
967 1012
971 1014
975 1016
980 1017
985 1018
990 1019
995 1020
1000 1021
1005 1022
1010 1023
1015 1024
1020 1025
1025 1026
1030 1027
1035 1028
1040 1028
1045 1028
1050 1028
1055 1028
1060 1028
1065 1028
1070 1028
1075 1028
1080 1028
1085 1028
1090 1028
1095 1028
1100 1028
1105 1028
1110 1028
1115 1028
1120 1027
1125 1026
1130 1025
1135 1023
1140 1021
1144 1018
1148 1015
1152 1011
1156 1007
1159 1002
1162 997
1164 992
1166 987
1168 982
1170 977
1172 972
1174 967
1177 962
1180 957
1183 952
1186 947
1189 942
1191 937
1193 932
1195 927
1197 922
1199 917
1200 911
1201 905
1202 899
1203 893
1204 887
1205 881
1206 875
1207 869
1208 863
1209 857
1210 851
1211 845
1212 839
1213 833
1214 827
1215 821
1216 815
1217 809
1218 803
1219 797
1219 791
1219 785
1219 779
1219 773
1219 767
1219 761
1219 755
1219 749
1219 743
1219 737
1219 731
1219 725
1219 719
1219 713
1219 707
1219 701
1219 695
1219 689
1219 683
1219 677
1219 671
1219 665
1219 659
1219 653
1219 647
1219 641
1219 635
1219 629
1219 623
1219 617
1219 611
1219 605
1219 599
1219 593
1219 587
1219 581
1219 575
1219 569
1219 563
1219 557
1219 551
1219 545
1219 539
1219 533
1219 527
1219 521
1219 515
1219 509
1219 503
1219 497
1219 491
1219 485
1219 479
1219 473
1219 467
1219 461
1219 455
1219 449
1219 443
1219 437
1219 431
1219 425
1219 419
1219 413
1219 407
1219 401
1219 395
1219 389
1219 383
1219 377
1219 371
1219 365
1219 359
1219 353
1219 347
1219 341
1219 335
1219 329
1219 323
1219 317
1219 311
1219 305
1219 299
1219 293
1219 287
1219 281
1218 275
1217 269
1215 263
1213 257
1210 252
1207 247
1204 242
1200 237
1196 232
1192 227
1188 222
1184 217
1179 213
1174 209
1169 205
1164 201
1159 198
1154 195
1149 192
1144 189
1139 186
1134 183
1129 180
1124 177
1119 174
1114 171
1109 168
1104 165
1099 162
1093 160
1087 158
1081 157
1075 156
1069 155
1063 154
1057 153
1051 152
1045 151
1039 150
1033 149
1027 148
1021 147
1015 146
1009 145
1003 144
997 143
991 142
985 141
979 140
973 139
967 138
961 137
955 136
949 135
943 134
937 133
931 132
925 131
919 130
913 129
907 128
901 127
895 126
889 125
883 125
877 125
871 126
865 127
859 128
853 129
847 130
841 131
835 132
829 133
823 133
817 133
811 133
805 133
800 133
794 133
788 133
782 133
776 133
770 133
764 133
758 134
752 135
746 136
740 137
734 138
728 139
722 139
716 139
710 139
704 139
698 139
692 139
686 139
680 139
674 139
668 139
662 139
656 139
650 139
644 139
638 139
632 139
626 139
620 139
614 139
608 139
602 139
596 139
590 139
584 139
578 139
572 139
566 139
560 139
554 139
548 139
542 139
536 139
530 139
524 139
518 139
512 139
506 139
500 139
494 139
488 139
482 139
476 139
470 139
464 139
458 139
452 139
446 139
440 139
434 139
428 139
422 139
416 139
410 139
404 139
398 139
392 139
386 139
380 139
374 139
368 139
362 139
356 139
350 139
344 139
338 139
332 139
326 139
320 139
314 139
308 139
302 139
296 139
290 139
284 139
278 139
272 139
266 139
260 139
254 139
248 139
242 139
236 139
230 139
224 140
218 141
213 143
208 145
203 148
198 151
194 155
190 159
187 163
185 168
183 173
182 178
181 183
180 188
179 193
177 198
175 203
173 208
170 212
167 216
164 220
161 224
158 228
155 232
153 237
151 242
149 247
148 252
147 257
146 262
145 267
144 272
143 277
142 282
141 287
140 292
139 297
138 302
137 307
136 312
135 317
134 322
133 327
132 332
131 337
130 342
129 347
128 352
127 357
126 362
125 367
124 372
123 377
123 382
123 387
123 392
123 397
123 402
123 407
123 412
123 417
123 422
123 427
123 432
123 437
123 442
123 447
123 452
123 457
123 462
123 467
123 472
123 477
123 482
123 487
123 492
123 497
123 502
123 507
123 512
123 517
123 522
123 527
123 532
123 537
123 542
123 547
123 552
123 557
123 562
123 567
123 572
123 577
123 582
123 587
123 592
123 597
123 602
123 607
123 612
123 617
123 622
123 627
123 632
123 637
123 642
124 647
125 652
126 657
127 662
128 667
129 672
129 677
129 682
129 687
129 692
129 697
129 702
129 707
130 712
130 717
130 722
130 727
130 732
130 737
130 742
