131 749
131 754
131 759
131 764
131 769
131 774
131 779
131 784
131 789
131 794
131 799
131 804
131 809
131 814
131 819
131 824
131 829
131 834
131 839
131 844
131 849
131 854
131 859
131 864
131 869
131 874
131 879
131 884
131 889
131 894
131 899
131 904
131 909
131 914
131 919
131 924
131 929
131 934
131 939
131 944
131 949
131 954
131 959
131 964
131 969
131 974
131 979
131 984
131 989
131 994
131 999
131 1004
131 1009
131 1014
131 1019
131 1023
131 1027
131 1031
131 1035
131 1039
131 1043
131 1047
131 1051
131 1055
131 1059
131 1063
131 1067
131 1071
131 1075
132 1079
133 1083
134 1087
135 1091
136 1095
137 1099
138 1103
139 1107
140 1111
141 1115
142 1119
143 1123
144 1127
146 1131
148 1135
150 1139
152 1143
154 1147
156 1151
158 1155
160 1159
162 1163
165 1166
168 1169
171 1172
174 1175
177 1178
180 1181
183 1184
186 1187
189 1190
192 1193
195 1196
198 1199
201 1202
204 1205
207 1208
211 1210
215 1212
219 1214
223 1215
227 1216
231 1217
235 1218
239 1219
243 1220
247 1221
251 1222
255 1223
259 1224
263 1225
267 1226
271 1227
275 1228
279 1229
283 1230
287 1231
291 1232
295 1233
299 1234
303 1235
307 1236
311 1237
315 1238
319 1239
323 1240
327 1241
331 1242
335 1243
339 1244
343 1245
347 1246
351 1247
355 1247
359 1247
363 1247
367 1247
371 1247
375 1247
379 1247
383 1247
387 1247
391 1247
395 1247
399 1247
403 1247
407 1247
411 1247
415 1247
419 1247
423 1247
427 1247
431 1247
436 1246
441 1245
446 1244
451 1243
456 1242
461 1241
466 1240
471 1239
476 1238
481 1237
486 1236
491 1235
495 1234
499 1233
503 1232
507 1231
511 1230
515 1228
519 1226
523 1224
527 1222
531 1219
535 1216
539 1213
543 1210
546 1206
549 1202
552 1198
555 1194
558 1190
561 1186
564 1182
567 1178
570 1174
572 1169
574 1164
576 1159
577 1154
578 1149
579 1144
580 1139
581 1134
582 1129
583 1124
584 1119
585 1114
587 1109
589 1104
591 1099
593 1094
595 1089
597 1084
599 1079
601 1074
603 1069
605 1064
607 1059
609 1054
611 1049
613 1044
615 1039
617 1034
619 1029
621 1024
623 1019
625 1014
627 1009
629 1004
631 999
633 994
635 989
637 984
639 979
641 974
643 969
645 964
647 959
649 954
651 949
653 944
655 939
657 934
659 929
661 924
663 919
664 914
665 909
666 904
667 899
668 894
669 889
670 884
671 879
672 874
673 869
674 864
675 859
676 854
676 849
676 844
676 839
676 834
676 829
676 824
676 819
676 814
676 809
676 804
676 799
676 794
676 789
676 784
676 779
676 774
676 769
676 764
676 759
676 754
676 749
676 744
676 739
676 734
676 729
676 724
676 719
676 714
676 709
676 704
676 699
676 694
676 689
676 684
676 679
676 674
676 669
676 664
676 659
676 654
676 649
676 644
676 639
677 634
678 629
679 624
680 619
681 614
682 609
684 604
686 599
688 594
690 589
693 585
696 581
699 577
702 573
705 569
708 565
711 561
714 557
717 553
720 549
723 545
726 541
729 537
732 533
736 530
740 527
744 524
748 522
752 520
756 518
760 516
764 514
768 512
772 510
776 508
780 506
784 504
788 502
792 500
796 498
800 496
804 494
808 492
812 491
816 490
820 489
825 488
830 487
835 486
839 486
843 486
847 486
851 487
855 488
859 489
863 490
867 491
871 492
875 493
879 494
883 495
887 496
891 497
895 498
899 499
903 500
907 502
911 504
915 506
918 509
921 512
924 515
927 518
930 521
933 524
935 528
937 532
939 536
941 540
942 544
943 548
944 552
945 556
946 560
947 564
948 568
949 572
950 576
951 580
952 584
953 588
954 592
954 596
954 600
954 604
954 608
954 612
954 616
954 620
954 624
954 628
954 632
954 636
954 640
954 644
954 648
954 652
954 656
954 660
954 664
954 668
954 672
954 676
954 680
954 684
954 688
954 692
954 696
954 700
954 704
954 708
954 712
954 716
954 720
954 724
954 728
954 732
954 736
954 740
954 744
954 748
954 752
954 756
954 760
954 764
954 768
954 772
954 776
954 780
954 784
954 788
954 792
954 796
954 800
954 804
954 808
954 812
954 816
954 820
954 824
954 828
954 832
954 836
954 840
954 844
954 848
954 852
954 856
954 860
954 864
954 868
954 872
954 876
954 880
954 884
954 888
954 892
954 896
954 900
954 904
954 908
955 912
956 916
957 920
958 924
959 928
960 932
961 936
962 940
963 944
964 948
965 952
966 956
967 960
969 964
971 968
973 972
976 975
979 978
982 981
985 984
988 987
991 990
994 993
997 996
1000 999
1003 1002
1006 1005
1009 1008
1012 1011
1015 1014
1018 1017
1022 1019
1026 1021
1030 1023
1034 1024
1038 1025
1042 1026
1046 1027
1050 1028
1054 1029
1058 1030
1062 1031
1066 1032
1070 1033
1074 1034
1078 1034
1082 1034
1086 1034
1090 1034
1095 1033
1100 1032
1105 1031
1110 1030
1115 1029
1120 1028
1125 1027
1130 1026
1135 1025
1140 1024
1144 1024
1148 1024
1152 1024
1156 1024
1160 1024
1164 1024
1169 1023
1174 1022
1179 1021
1184 1020
1189 1019
1194 1018
1199 1017
1204 1016
1209 1015
1214 1014
1219 1013
1224 1012
1228 1011
1232 1010
1236 1009
1240 1007
1244 1005
1248 1003
1252 1001
1256 998
1260 995
1264 992
1267 988
1270 984
1273 980
1276 976
1279 972
1282 968
1284 963
1286 958
1288 953
1289 948
1290 943
1290 938
1290 933
1290 928
1290 923
1290 918
1290 913
1290 908
1290 903
1290 898
1290 893
1290 888
1290 883
1290 878
1290 873
1290 868
1290 863
1290 858
1290 853
1290 848
1290 843
1290 838
1290 833
1290 828
1290 823
1290 818
1290 813
1290 808
1290 803
1290 798
1290 793
1290 788
1290 783
1290 778
1290 773
1290 768
1290 763
1290 758
1290 753
1290 748
1290 743
1290 738
1290 733
1290 728
1290 723
1290 718
1290 713
1290 708
1290 703
1290 698
1290 693
1290 688
1290 683
1290 678
1290 673
1290 668
1290 663
1290 658
1290 653
1290 648
1290 643
1290 638
1290 633
1290 628
1290 623
1290 618
1290 613
1290 608
1290 603
1290 598
1290 593
1290 588
1290 583
1290 578
1290 573
1290 568
1290 563
1290 558
1290 553
1290 548
1290 543
1290 538
1290 533
1290 528
1290 523
1290 518
1290 513
1290 508
1290 503
1290 498
1290 493
1290 488
1290 483
1290 478
1290 473
1290 468
1290 463
1290 458
1290 453
1290 448
1290 443
1290 438
1290 433
1290 428
1290 423
1290 418
1290 413
1290 408
1290 403
1290 398
1290 393
1290 388
1290 383
1290 378
1289 373
1288 368
1287 363
1286 358
1285 353
1284 348
1283 343
1282 338
1281 333
1280 328
1279 323
1278 318
1276 313
1274 308
1272 303
1270 298
1267 293
1264 288
1261 283
1257 279
1253 275
1249 271
1245 267
1241 263
1236 260
1231 257
1226 254
1221 251
1216 248
1211 245
1206 242
1201 239
1196 236
1191 233
1186 230
1181 227
1176 224
1171 221
1166 218
1161 216
1156 214
1151 212
1146 210
1141 208
1136 206
1131 204
1126 202
1121 200
1116 198
1111 196
1106 194
1101 192
1096 190
1091 188
1086 186
1081 184
1076 182
1071 180
1066 178
1061 176
1056 174
1051 172
1046 170
1041 168
1036 166
1031 164
1026 162
1021 160
1016 159
1011 158
1006 157
1001 156
996 155
991 154
986 153
981 153
976 153
971 153
966 153
961 153
956 153
951 153
946 153
941 153
936 153
931 153
926 153
921 153
916 153
911 153
906 153
901 153
896 153
891 153
886 153
881 153
876 153
871 153
866 153
861 153
856 153
851 153
846 153
841 153
836 153
831 153
826 153
821 153
816 153
811 153
806 153
801 153
796 153
791 153
786 153
781 153
776 153
771 153
766 153
761 153
756 153
751 153
746 153
741 153
736 153
731 153
726 153
721 153
716 153
711 153
706 153
701 153
696 153
691 153
686 153
681 153
676 153
671 153
666 153
661 153
656 153
651 153
646 153
641 153
636 153
631 153
626 153
621 153
616 153
611 153
606 153
601 153
596 153
591 153
586 153
581 153
576 153
571 153
566 153
561 153
556 153
551 153
546 153
541 153
536 153
531 153
526 153
521 153
516 153
511 153
506 153
501 153
496 153
491 153
486 153
481 153
476 153
471 153
466 153
461 153
456 153
451 153
446 153
441 153
436 153
431 153
426 153
421 153
416 153
411 153
406 153
401 153
396 153
391 153
386 153
381 153
376 153
371 153
366 153
361 153
356 154
351 155
346 156
341 157
336 158
331 159
326 160
321 161
316 162
311 163
306 164
301 165
296 166
291 167
286 168
281 169
276 170
271 171
266 172
261 173
256 175
251 177
246 179
241 181
236 183
231 185
226 187
221 189
217 192
213 195
209 198
205 201
201 204
197 207
193 210
190 214
187 218
184 222
182 226
180 230
178 234
176 238
175 242
174 246
173 250
172 254
171 258
170 262
169 266
168 270
167 274
166 278
165 282
164 286
163 290
162 294
161 298
160 302
159 306
158 310
157 314
156 318
155 322
154 327
153 332
152 337
151 342
150 347
149 352
148 357
147 362
146 367
145 372
144 377
143 382
142 387
142 391
142 395
142 399
142 403
142 407
142 411
142 415
142 419
142 423
142 427
142 431
142 435
142 439
142 443
142 447
142 451
142 455
142 459
142 463
142 467
142 471
142 475
142 479
142 483
142 487
142 491
142 495
142 499
142 503
142 507
142 511
142 515
142 519
142 523
142 527
142 531
142 535
142 539
142 543
142 547
142 551
142 555
142 559
142 563
142 567
142 571
142 575
142 579
142 583
142 587
141 592
140 597
139 602
138 607
137 612
136 617
135 622
134 627
133 632
132 637
132 641
132 645
132 649
132 653
132 657
132 661
132 665
132 669
132 673
132 677
132 681
132 685
132 689
132 693
132 697
132 701
132 705
132 709
132 713
132 717
132 721
132 725
132 729
132 733
132 737
132 741
132 745
132 749
132 753
