184 1162
184 1167
183 1171
182 1175
181 1179
180 1183
179 1187
178 1191
177 1195
176 1199
175 1203
175 1208
175 1213
175 1218
175 1223
175 1228
175 1233
175 1238
175 1243
175 1248
175 1253
175 1258
174 1262
173 1266
172 1270
171 1274
170 1278
169 1282
168 1286
167 1290
166 1294
165 1298
164 1302
163 1306
162 1310
161 1314
160 1318
159 1322
158 1326
157 1330
157 1335
157 1340
157 1345
157 1350
157 1355
157 1360
157 1365
157 1370
157 1375
157 1380
157 1385
157 1390
157 1395
157 1400
157 1405
157 1410
157 1415
157 1420
157 1425
157 1430
157 1435
157 1440
157 1445
157 1450
157 1455
157 1460
157 1465
157 1470
157 1475
157 1480
157 1485
157 1489
157 1493
157 1497
157 1501
157 1505
157 1509
157 1513
158 1517
159 1521
160 1525
162 1529
164 1533
166 1537
168 1541
171 1544
174 1547
177 1550
180 1553
183 1556
186 1559
189 1562
192 1565
195 1568
198 1571
201 1574
204 1577
207 1580
210 1583
213 1586
216 1589
219 1592
222 1595
225 1598
229 1600
233 1602
237 1603
241 1604
245 1605
249 1606
253 1607
257 1607
261 1607
265 1607
269 1607
273 1607
277 1607
281 1607
285 1607
289 1608
293 1609
297 1610
301 1611
305 1612
309 1613
313 1613
317 1613
321 1613
325 1613
329 1613
333 1613
337 1613
341 1613
345 1613
349 1613
353 1613
357 1613
361 1613
365 1613
369 1613
373 1613
377 1613
381 1613
385 1613
389 1613
393 1613
397 1613
402 1612
407 1611
412 1610
417 1609
422 1608
427 1607
432 1606
436 1606
440 1606
444 1606
448 1606
452 1606
456 1606
460 1606
464 1606
468 1606
472 1606
476 1606
480 1606
484 1606
488 1606
493 1605
498 1604
503 1603
508 1602
513 1601
518 1600
523 1599
528 1598
533 1597
538 1596
542 1595
546 1594
550 1593
554 1592
558 1591
563 1590
568 1589
573 1588
577 1588
581 1588
585 1588
589 1588
593 1588
597 1588
601 1588
605 1588
610 1587
615 1586
620 1585
625 1584
630 1583
634 1582
638 1581
642 1580
646 1578
650 1576
654 1574
658 1571
662 1568
666 1565
669 1561
672 1557
675 1553
678 1549
681 1545
683 1540
685 1535
687 1530
688 1525
689 1520
689 1515
689 1510
689 1505
689 1500
689 1495
689 1490
689 1485
689 1480
689 1475
689 1470
689 1465
689 1460
689 1455
689 1450
689 1445
689 1440
689 1435
689 1430
689 1425
689 1420
689 1415
689 1410
689 1405
689 1400
689 1395
689 1390
689 1385
689 1380
689 1375
689 1370
689 1365
689 1360
689 1355
689 1350
689 1345
689 1340
689 1335
689 1330
689 1325
689 1320
689 1315
689 1310
689 1305
689 1300
689 1295
689 1290
689 1285
689 1280
689 1275
689 1270
689 1265
689 1260
689 1255
689 1250
689 1245
689 1240
689 1235
689 1230
689 1225
689 1220
689 1215
689 1210
689 1205
690 1200
691 1195
692 1190
693 1185
694 1180
695 1175
696 1170
697 1165
698 1160
698 1155
698 1150
698 1145
698 1140
698 1135
697 1130
696 1125
695 1120
694 1115
693 1110
692 1105
691 1100
690 1095
689 1090
688 1085
687 1080
686 1075
684 1070
682 1065
680 1060
678 1055
676 1050
674 1045
673 1040
672 1035
671 1030
670 1025
669 1020
668 1015
667 1010
666 1005
665 1000
664 995
664 990
664 985
664 980
664 975
665 970
666 965
667 960
668 955
669 950
670 945
671 940
672 935
673 930
674 925
675 920
676 915
677 910
678 905
679 900
680 895
681 890
682 885
683 880
684 875
685 870
686 865
687 860
688 855
689 850
690 845
691 840
692 835
693 830
694 825
695 820
696 815
697 810
698 805
699 800
700 795
701 790
702 785
703 780
704 775
705 770
706 765
707 760
708 755
709 750
710 745
711 740
711 735
711 730
711 725
711 720
711 715
711 710
711 705
711 700
710 695
709 690
708 685
707 680
706 675
705 670
704 665
703 660
703 655
703 650
703 645
703 640
703 635
703 630
703 625
703 620
703 615
703 610
703 605
704 600
705 595
706 590
708 585
710 580
712 575
715 571
718 567
721 563
724 559
727 555
730 551
734 548
738 545
742 542
746 539
750 536
754 533
758 530
762 527
766 525
770 523
774 521
778 519
782 518
786 517
790 516
795 515
800 514
805 513
809 513
813 513
817 513
821 513
825 514
829 515
833 516
837 517
841 518
845 519
849 520
853 521
857 522
861 523
865 523
869 523
873 523
877 523
881 523
885 524
889 525
893 526
897 528
901 530
905 532
909 534
913 536
917 538
920 541
923 544
926 547
929 550
932 553
935 556
937 560
939 564
941 568
943 572
944 576
945 580
946 584
947 588
947 592
947 596
947 600
947 604
947 608
947 612
947 616
947 620
947 624
947 628
947 632
947 636
947 640
947 644
947 648
947 652
947 656
947 660
947 664
947 668
947 672
947 676
947 681
947 686
947 691
947 696
947 701
947 706
947 711
947 716
947 721
947 726
947 731
947 735
947 739
947 743
947 747
947 751
947 755
947 759
947 763
947 767
947 771
947 775
947 779
947 783
947 787
947 791
947 795
947 800
947 804
947 808
947 812
947 817
947 822
947 827
947 832
947 837
947 842
947 847
947 851
947 855
947 859
947 863
947 867
948 871
949 875
950 879
951 883
952 887
953 891
954 895
955 899
956 903
957 907
958 911
959 915
960 919
961 923
962 927
963 931
964 935
965 939
966 943
967 947
968 951
969 955
970 959
971 963
972 967
974 971
976 975
978 979
981 982
984 985
987 988
990 991
993 994
996 997
999 1000
1002 1003
1005 1006
1008 1009
1011 1012
1014 1015
1017 1018
1020 1021
1024 1023
1028 1025
1032 1027
1036 1028
1040 1029
1044 1030
1048 1031
1052 1032
1056 1033
1060 1034
1064 1035
1068 1036
1072 1037
1076 1038
1080 1038
1084 1038
1088 1038
1092 1038
1096 1038
1100 1038
1104 1038
1108 1038
1112 1038
1116 1038
1120 1038
1124 1038
1128 1038
1132 1038
1136 1038
1140 1038
1144 1038
1148 1038
1152 1038
1156 1038
1160 1038
1164 1038
1168 1038
1173 1037
1178 1036
1183 1035
1188 1034
1193 1033
1197 1032
1201 1031
1205 1030
1209 1028
1213 1026
1217 1024
1221 1021
1225 1018
1229 1015
1232 1011
1235 1007
1238 1003
1241 999
1244 995
1247 991
1250 987
1253 983
1256 979
1259 975
1262 971
1264 966
1266 961
1268 956
1269 951
1270 946
1271 941
1271 936
1271 931
1271 926
1271 921
1271 916
1271 911
1271 906
1271 901
1271 896
1271 891
1271 886
1271 881
1271 876
1272 871
1273 866
1274 861
1275 856
1276 851
1277 846
1278 841
1279 836
1280 831
1281 826
1282 821
1283 816
1284 811
1285 806
1286 801
1287 796
1288 791
1289 786
1289 781
1289 776
1289 771
1289 766
1289 761
1289 756
1289 751
1289 746
1289 741
1289 736
1289 731
1289 726
1289 721
1289 716
1289 711
1289 706
1289 701
1289 696
1289 691
1289 686
1289 681
1289 676
1289 671
1289 666
1289 661
1289 656
1289 651
1288 646
1287 641
1286 636
1285 631
1284 626
1283 621
1282 616
1281 611
1280 606
1279 601
1278 596
1278 591
1278 586
1278 581
1278 576
1278 571
1278 566
1278 561
1278 556
1278 551
1278 546
1278 541
1278 536
1278 531
1278 526
1277 521
1276 516
1275 511
1274 506
1273 501
1272 496
1271 491
1271 486
1271 481
1271 476
1271 471
1271 466
1272 461
1273 456
1274 451
1275 446
1276 441
1277 436
1278 431
1279 426
1280 421
1281 416
1282 411
1283 406
1284 401
1285 396
1286 391
1287 386
1288 381
1289 376
1289 371
1289 366
1289 361
1289 356
1289 351
1288 346
1287 341
1286 336
1285 331
1284 326
1283 321
1282 316
1281 311
1279 306
1277 301
1275 296
1273 291
1270 286
1267 281
1264 276
1260 272
1256 268
1252 264
1248 260
1244 256
1240 252
1236 248
1232 244
1228 240
1224 236
1220 232
1216 228
1212 224
1208 220
1204 216
1199 213
1194 210
1189 207
1184 204
1179 201
1174 198
1169 195
1164 192
1159 189
1154 187
1149 185
1144 183
1139 182
1134 181
1129 180
1124 179
1119 178
1114 177
1109 176
1104 175
1099 174
1094 173
1089 172
1084 171
1079 170
1074 169
1069 169
1064 169
1059 169
1054 169
1049 169
1044 169
1039 169
1034 170
1029 171
1024 172
1019 173
1014 174
1009 175
1004 176
999 177
994 178
989 179
984 179
979 179
974 179
969 179
964 179
959 179
954 179
949 179
944 179
939 179
934 180
929 181
924 182
919 183
914 184
909 185
904 186
899 187
894 187
889 187
884 187
879 187
874 187
869 187
864 187
859 187
854 187
849 187
844 187
839 187
834 187
829 187
824 187
819 187
814 187
809 187
804 187
799 187
794 187
789 187
784 187
779 187
774 187
769 187
764 187
759 187
754 187
749 187
744 187
739 187
734 187
729 187
724 187
719 187
714 187
709 187
704 187
699 187
694 187
689 187
684 187
679 187
674 187
669 187
664 187
659 187
654 187
649 187
644 186
639 185
634 184
629 183
624 182
619 181
614 180
609 179
604 178
599 177
594 176
589 175
584 174
579 173
574 172
569 171
564 170
559 169
554 169
549 169
544 169
539 169
534 169
529 169
524 169
519 169
514 169
509 169
504 169
499 169
494 169
489 169
484 169
479 169
474 169
469 169
464 169
459 169
454 169
449 169
444 169
439 169
434 169
429 169
424 169
419 169
414 169
409 169
404 169
399 169
394 169
389 169
384 169
379 169
374 169
369 169
364 169
359 169
354 169
349 169
344 169
339 169
334 169
329 169
324 169
319 169
314 170
309 171
304 172
299 173
294 174
289 175
284 176
279 177
274 178
269 179
264 181
259 183
254 185
249 187
244 189
240 192
236 195
232 198
228 201
224 204
220 207
216 210
213 214
210 218
207 222
205 226
203 230
201 234
200 238
199 242
198 246
197 250
196 254
195 258
194 262
193 266
191 270
189 274
187 278
185 282
183 286
181 290
179 294
177 298
175 302
174 306
173 310
172 314
171 318
170 322
169 326
168 330
167 335
166 340
165 345
164 350
163 355
162 360
162 364
162 368
162 372
163 376
164 380
165 384
166 388
167 392
168 396
169 400
170 404
171 408
171 412
171 416
171 420
171 424
171 428
171 432
171 436
171 440
171 444
171 448
172 452
173 456
174 460
175 464
176 468
177 472
178 476
179 480
179 484
179 488
179 492
179 496
179 500
179 504
179 508
178 513
177 518
176 523
175 528
174 533
174 537
174 541
174 545
174 549
175 553
176 557
177 561
178 565
179 569
180 573
181 577
181 581
181 585
181 589
181 593
181 597
181 601
180 606
179 611
178 616
177 621
176 626
175 631
174 636
