191 623
191 628
191 633
191 638
191 643
191 648
191 653
191 658
191 663
191 668
191 673
191 678
191 683
191 688
191 693
191 698
191 703
191 708
191 713
191 718
191 723
191 728
191 733
191 738
191 743
191 748
191 753
191 758
191 763
191 768
191 773
191 778
191 783
191 788
191 793
191 798
191 803
191 808
191 813
191 818
191 823
191 828
191 833
191 838
191 843
191 848
191 853
191 858
191 863
191 868
191 873
191 878
191 883
191 888
191 893
191 898
191 903
191 908
191 913
191 918
191 923
191 928
191 933
191 938
191 943
191 948
191 953
191 958
191 963
191 968
191 973
191 978
191 983
191 988
191 993
191 998
191 1003
191 1008
191 1013
191 1018
191 1023
191 1028
191 1033
191 1038
191 1043
191 1048
191 1053
191 1058
191 1063
191 1068
191 1073
191 1078
191 1083
191 1088
191 1093
191 1098
191 1103
191 1108
191 1113
191 1118
191 1123
191 1128
191 1133
191 1138
191 1143
191 1148
191 1153
191 1158
191 1163
191 1168
191 1173
191 1178
191 1183
191 1188
191 1193
191 1198
191 1203
191 1208
191 1213
191 1218
191 1223
191 1228
191 1233
191 1238
191 1243
191 1248
191 1253
191 1258
191 1263
191 1268
191 1273
191 1278
191 1283
191 1288
191 1293
191 1298
191 1303
191 1308
191 1313
191 1318
191 1323
191 1328
191 1333
191 1338
191 1343
191 1348
191 1353
191 1358
191 1363
191 1368
191 1373
191 1378
191 1383
191 1388
191 1393
191 1398
191 1403
191 1408
191 1413
191 1418
191 1423
191 1428
191 1433
191 1438
191 1443
191 1448
191 1453
191 1458
191 1463
191 1468
191 1473
191 1478
191 1483
191 1488
191 1493
191 1498
191 1503
191 1508
191 1513
191 1518
191 1523
191 1528
191 1532
191 1536
191 1540
192 1544
193 1548
194 1552
196 1556
198 1560
200 1564
203 1567
206 1570
209 1573
212 1576
215 1579
218 1582
222 1584
226 1586
230 1588
234 1589
238 1590
242 1591
246 1591
250 1591
254 1591
258 1591
262 1591
266 1591
270 1591
274 1591
278 1591
282 1591
286 1591
290 1591
294 1591
298 1591
302 1591
306 1591
310 1591
314 1591
318 1591
322 1591
326 1591
330 1591
334 1591
338 1591
342 1591
346 1591
350 1591
354 1591
358 1591
362 1591
366 1591
370 1591
374 1591
378 1591
382 1591
386 1591
390 1591
394 1591
398 1591
402 1591
406 1591
410 1591
414 1591
418 1591
422 1591
426 1591
430 1591
434 1591
438 1591
442 1591
446 1591
450 1591
454 1591
458 1591
462 1591
466 1591
470 1591
474 1591
478 1591
482 1591
486 1591
490 1591
494 1591
498 1591
502 1591
506 1591
510 1591
514 1591
518 1591
522 1591
526 1591
530 1591
534 1591
538 1591
542 1591
546 1591
550 1591
554 1591
558 1591
562 1591
566 1591
570 1591
574 1591
578 1591
582 1591
586 1591
590 1591
594 1591
598 1591
602 1591
606 1591
610 1591
614 1591
618 1591
623 1590
628 1589
633 1588
637 1587
641 1586
645 1585
649 1583
653 1581
657 1579
661 1576
665 1573
669 1570
672 1566
675 1562
678 1558
681 1554
684 1550
686 1545
688 1540
690 1535
691 1530
692 1525
693 1520
694 1515
695 1510
696 1505
696 1500
696 1495
696 1490
696 1485
696 1480
696 1475
696 1470
696 1465
696 1460
696 1455
696 1450
696 1445
696 1440
696 1435
696 1430
696 1425
696 1420
696 1415
696 1410
696 1405
696 1400
696 1395
696 1390
696 1385
696 1380
696 1375
696 1370
696 1365
696 1360
696 1355
696 1350
696 1345
696 1340
696 1335
696 1330
696 1325
696 1320
696 1315
696 1310
696 1305
696 1300
696 1295
696 1290
696 1285
696 1280
696 1275
696 1270
696 1265
696 1260
696 1255
696 1250
696 1245
696 1240
696 1235
696 1230
696 1225
696 1220
696 1215
696 1210
696 1205
696 1200
696 1195
696 1190
696 1185
696 1180
696 1175
696 1170
696 1165
696 1160
696 1155
696 1150
696 1145
696 1140
696 1135
696 1130
696 1125
696 1120
696 1115
696 1110
696 1105
696 1100
696 1095
696 1090
696 1085
696 1080
696 1075
696 1070
696 1065
696 1060
696 1055
696 1050
696 1045
696 1040
696 1035
696 1030
696 1025
696 1020
696 1015
696 1010
696 1005
696 1000
696 995
696 990
696 985
696 980
696 975
696 970
696 965
696 960
696 955
696 950
696 945
696 940
696 935
696 930
696 925
696 920
696 915
696 910
696 905
696 900
696 895
696 890
696 885
696 880
696 875
696 870
696 865
696 860
696 855
696 850
696 845
696 840
696 835
696 830
696 825
696 820
696 815
696 810
696 805
696 800
696 795
696 790
696 785
696 780
696 775
696 770
696 765
696 760
696 755
696 750
696 745
696 740
696 735
696 730
696 725
696 720
696 715
696 710
696 705
696 700
696 695
696 690
696 685
696 680
696 675
696 670
696 665
696 660
696 655
696 650
696 645
696 640
697 635
698 630
699 625
700 620
701 615
702 610
703 605
704 600
706 595
708 590
710 585
713 581
716 577
719 573
722 569
725 565
729 562
733 559
737 556
741 554
745 552
749 550
753 549
757 548
761 547
765 546
769 545
773 544
777 543
781 542
785 541
789 540
793 539
797 538
801 537
805 536
810 535
815 534
820 533
825 532
830 531
835 530
840 529
845 528
850 527
854 527
858 527
862 527
866 528
870 529
874 530
878 531
882 532
886 534
890 536
894 538
898 540
901 543
904 546
907 549
910 552
913 555
915 559
917 563
919 567
921 571
923 575
925 579
926 583
927 587
928 591
929 595
929 599
929 603
929 607
929 611
929 615
929 619
929 623
929 627
929 631
929 635
929 639
929 643
929 647
929 651
929 655
929 659
929 663
929 667
929 671
929 675
930 679
931 683
932 687
933 691
934 695
935 699
936 703
937 707
937 711
937 715
937 719
937 723
937 727
937 731
937 735
937 739
937 743
937 747
937 751
937 755
937 759
937 763
937 767
937 771
937 775
937 779
937 783
937 787
937 791
937 795
937 799
937 803
937 807
937 811
937 815
937 819
937 823
937 827
937 831
937 835
937 839
937 843
937 847
937 851
937 855
937 859
937 863
938 867
939 871
940 875
941 879
942 883
943 887
944 891
945 895
946 899
947 903
948 907
949 911
950 915
951 919
952 923
953 927
955 931
957 935
959 939
962 942
965 945
968 948
971 951
974 954
977 957
980 960
983 963
986 966
989 969
992 972
995 975
998 978
1001 981
1004 984
1007 987
1010 990
1013 993
1016 996
1019 999
1022 1002
1025 1005
1029 1007
1033 1009
1037 1011
1041 1013
1045 1014
1049 1015
1053 1016
1057 1017
1061 1018
1065 1019
1069 1020
1073 1021
1077 1022
1081 1023
1085 1024
1089 1025
1093 1025
1097 1025
1102 1024
1107 1023
1112 1022
1116 1021
1120 1020
1124 1019
1128 1018
1132 1017
1136 1016
1140 1015
1144 1014
1148 1013
1152 1012
1156 1011
1160 1010
1164 1009
1168 1008
1172 1007
1176 1006
1180 1005
1184 1004
1188 1003
1192 1002
1196 1001
1200 999
1204 997
1208 995
1212 992
1216 989
1220 986
1224 983
1227 979
1230 975
1233 971
1236 967
1239 963
1242 959
1245 955
1248 951
1251 947
1254 943
1257 939
1259 934
1261 929
1262 924
1263 919
1264 914
1264 909
1264 904
1264 899
1264 894
1264 889
1264 884
1264 879
1264 874
1264 869
1264 864
1264 859
1264 854
1264 849
1264 844
1264 839
1264 834
1264 829
1264 824
1264 819
1264 814
1264 809
1264 804
1264 799
1264 794
1264 789
1264 784
1264 779
1264 774
1264 769
1264 764
1264 759
1264 754
1264 749
1264 744
1264 739
1264 734
1264 729
1264 724
1264 719
1264 714
1264 709
1264 704
1264 699
1264 694
1264 689
1264 684
1264 679
1264 674
1264 669
1264 664
1264 659
1264 654
1264 649
1264 644
1264 639
1264 634
1264 629
1264 624
1264 619
1264 614
1264 609
1264 604
1264 599
1264 594
1264 589
1264 584
1264 579
1264 574
1264 569
1264 564
1264 559
1264 554
1264 549
1264 544
1264 539
1264 534
1264 529
1264 524
1264 519
1264 514
1264 509
1264 504
1264 499
1264 494
1264 489
1264 484
1264 479
1264 474
1264 469
1264 464
1264 459
1264 454
1264 449
1264 444
1264 439
1264 434
1264 429
1264 424
1264 419
1264 414
1264 409
1264 404
1264 399
1264 394
1264 389
1264 384
1264 379
1264 374
1264 369
1264 364
1264 359
1264 354
1264 349
1263 344
1262 339
1261 334
1260 329
1259 324
1258 319
1257 314
1256 309
1254 304
1252 299
1250 294
1247 289
1244 284
1241 279
1238 274
1235 269
1232 264
1228 260
1224 256
1220 252
1216 248
1212 244
1208 240
1204 236
1200 232
1196 228
1192 224
1188 220
1184 216
1180 212
1176 208
1172 204
1168 200
1164 196
1160 192
1155 189
1150 186
1145 183
1140 181
1135 179
1130 177
1125 175
1120 173
1115 171
1110 169
1105 167
1100 166
1095 165
1090 164
1085 163
1080 162
1075 161
1070 160
1065 159
1060 158
1055 157
1050 157
1045 157
1040 158
1035 159
1030 160
1025 161
1020 162
1015 163
1010 164
1005 165
1000 166
995 167
990 168
985 169
980 170
975 171
970 172
965 172
960 172
955 172
950 172
945 172
940 172
935 172
930 172
925 172
920 172
915 172
910 172
905 172
900 172
895 172
890 172
885 172
880 172
875 172
870 172
865 172
860 172
855 172
850 172
845 172
840 172
835 172
830 172
825 172
820 172
815 172
810 172
805 172
800 172
795 172
790 172
785 172
780 172
775 172
770 172
765 172
760 172
755 172
750 172
745 172
740 172
735 172
730 172
725 172
720 172
715 172
710 172
705 172
700 172
695 172
690 172
685 172
680 172
675 172
670 172
665 172
660 172
655 172
650 172
645 172
640 172
635 172
630 172
625 172
620 172
615 172
610 172
605 172
600 172
595 172
590 172
585 172
580 172
575 172
570 172
565 172
560 172
555 172
550 172
545 172
540 172
535 172
530 172
525 172
520 172
515 172
510 172
505 172
500 172
495 172
490 172
485 172
480 172
475 172
470 172
465 172
460 172
455 172
450 172
445 172
440 172
435 172
430 172
425 172
420 172
415 172
410 172
405 172
400 172
395 172
390 172
385 172
380 172
375 172
370 172
365 172
360 172
355 172
350 172
345 172
340 172
335 172
330 172
325 172
320 172
315 172
310 172
305 172
300 172
295 172
290 172
285 172
280 172
275 172
270 172
265 172
260 173
255 174
250 175
245 176
240 177
235 178
230 179
225 181
220 183
215 185
211 188
207 191
203 194
199 197
195 200
191 203
187 206
183 209
179 212
175 215
172 219
169 223
166 227
164 231
162 235
160 239
159 243
158 247
157 251
156 256
155 261
154 266
154 270
154 274
154 278
154 282
154 286
155 290
156 294
157 298
158 302
159 306
160 310
161 314
162 318
163 322
164 326
165 330
166 334
167 338
168 342
169 346
170 350
171 354
172 358
173 362
174 366
175 370
176 374
177 378
178 382
179 386
180 390
181 394
182 398
183 402
184 406
185 410
186 414
187 418
188 422
189 426
190 430
190 434
190 438
190 442
190 446
190 450
190 454
190 458
190 462
190 466
190 470
190 474
190 478
190 482
190 486
190 490
190 494
190 498
190 502
190 506
190 510
190 514
190 518
190 522
190 526
190 530
190 534
190 538
190 542
190 546
190 550
190 554
190 558
190 562
190 566
190 570
190 574
190 578
190 582
190 586
190 590
190 594
190 598
190 602
190 606
190 610
190 614
190 618
190 622
