188 714
188 719
188 724
188 729
188 734
188 739
188 744
188 749
188 754
188 759
188 764
188 769
188 774
188 779
188 784
188 789
188 794
188 799
188 804
188 809
188 814
188 819
188 824
188 829
188 834
188 839
188 844
188 849
188 854
188 859
188 864
188 869
188 874
188 879
188 884
188 889
188 894
188 899
188 904
188 909
188 914
188 919
188 924
188 929
188 934
188 939
188 944
188 949
188 954
188 959
188 964
188 969
188 974
188 979
188 984
188 989
188 994
188 999
188 1004
188 1009
188 1014
188 1019
188 1024
188 1029
188 1034
188 1039
188 1044
188 1049
188 1054
188 1059
188 1064
188 1069
188 1074
188 1079
188 1084
188 1089
188 1094
188 1099
188 1104
188 1109
188 1114
188 1119
188 1124
188 1129
188 1134
188 1139
188 1144
188 1149
188 1154
188 1159
188 1164
188 1169
188 1174
188 1179
188 1184
188 1189
188 1194
188 1199
188 1204
188 1209
188 1214
188 1219
188 1224
188 1229
188 1234
188 1239
188 1244
188 1249
188 1254
188 1259
188 1264
188 1269
188 1274
188 1279
188 1284
188 1289
188 1294
188 1299
188 1304
188 1309
188 1314
188 1319
188 1324
188 1329
188 1334
188 1339
188 1344
188 1349
188 1354
188 1359
188 1364
188 1369
188 1374
188 1379
188 1384
188 1389
188 1394
188 1399
188 1404
188 1409
188 1414
188 1419
188 1424
188 1429
188 1434
188 1439
188 1444
188 1449
188 1454
188 1459
188 1464
188 1469
188 1474
188 1479
188 1484
188 1489
188 1494
188 1499
188 1504
188 1509
188 1514
188 1519
188 1524
188 1528
188 1532
188 1536
188 1540
188 1544
189 1548
190 1552
191 1556
193 1560
195 1564
197 1568
199 1572
202 1575
205 1578
208 1581
211 1584
215 1586
219 1588
223 1590
227 1591
231 1592
235 1593
239 1594
243 1594
247 1594
251 1594
255 1594
259 1594
263 1594
267 1594
271 1594
275 1594
279 1594
283 1594
287 1594
291 1594
295 1594
299 1594
303 1594
307 1594
311 1594
315 1594
319 1594
323 1594
327 1594
331 1594
335 1594
339 1594
343 1594
347 1594
351 1594
355 1594
359 1594
363 1594
367 1594
371 1594
375 1594
379 1594
383 1594
387 1594
391 1594
395 1594
399 1594
403 1594
407 1594
411 1594
415 1594
419 1594
423 1594
427 1594
431 1594
435 1594
439 1594
443 1594
447 1594
451 1594
455 1594
459 1594
463 1594
467 1594
471 1594
475 1594
479 1594
483 1594
487 1594
491 1594
495 1594
499 1594
503 1594
507 1594
511 1594
515 1594
519 1594
523 1594
527 1594
531 1594
535 1594
539 1594
543 1594
547 1594
551 1594
555 1594
559 1594
563 1594
567 1594
571 1594
575 1594
579 1594
583 1594
587 1594
591 1594
595 1594
600 1593
605 1592
610 1591
615 1590
619 1589
623 1588
627 1587
631 1586
635 1584
639 1582
643 1580
647 1577
651 1574
655 1571
658 1567
661 1563
664 1559
667 1555
670 1551
673 1547
675 1542
677 1537
679 1532
681 1527
682 1522
683 1517
684 1512
684 1507
684 1502
684 1497
684 1492
684 1487
684 1482
684 1477
684 1472
684 1467
684 1462
684 1457
684 1452
684 1448
684 1444
684 1440
684 1436
684 1431
684 1426
684 1421
684 1416
684 1411
684 1406
684 1401
684 1396
684 1391
684 1386
684 1381
684 1376
684 1371
684 1366
684 1361
684 1356
684 1351
684 1346
684 1341
684 1336
684 1331
684 1326
684 1321
684 1316
684 1311
684 1306
684 1301
684 1296
684 1291
684 1286
684 1281
684 1276
684 1271
684 1266
684 1261
684 1256
684 1251
684 1246
684 1241
684 1236
684 1231
684 1226
684 1221
684 1216
684 1211
684 1206
684 1201
684 1196
684 1191
684 1186
684 1181
684 1176
684 1171
684 1166
684 1161
684 1156
684 1151
684 1146
684 1141
684 1136
684 1131
684 1126
684 1121
684 1116
684 1111
684 1106
684 1101
684 1096
684 1091
684 1086
684 1081
684 1076
684 1071
684 1066
684 1061
684 1056
684 1051
684 1046
684 1041
684 1036
684 1031
684 1026
684 1021
684 1016
684 1011
684 1006
684 1001
684 996
684 991
684 986
684 981
684 976
684 971
684 966
684 961
684 956
684 951
684 946
684 941
684 936
684 931
684 926
684 921
684 916
684 911
684 906
684 901
684 896
684 891
684 886
684 881
684 876
684 871
684 866
684 861
684 856
684 851
684 846
684 841
684 836
684 831
684 826
684 821
684 816
684 811
684 806
684 801
684 796
684 791
684 786
684 781
684 776
684 771
684 766
684 761
684 756
684 751
684 746
684 741
684 736
684 731
684 726
684 721
684 716
684 711
684 706
684 701
684 696
684 691
684 686
684 681
684 676
684 671
684 666
685 661
686 656
687 651
688 646
689 641
690 636
691 631
692 626
694 621
696 616
698 611
700 606
703 602
706 598
709 594
712 590
715 586
718 582
721 578
724 574
727 570
730 566
733 562
736 558
739 554
743 551
747 548
751 545
755 543
759 541
763 539
767 538
771 537
775 536
779 535
783 534
787 533
791 532
795 531
799 530
803 529
807 528
811 527
816 526
821 525
826 524
830 524
834 524
838 524
842 524
846 524
850 525
854 526
858 527
862 529
866 531
870 533
874 535
878 537
882 539
885 542
888 545
891 548
894 551
897 554
900 557
902 561
904 565
906 569
908 573
910 577
912 581
914 585
916 589
918 593
920 597
922 601
924 605
926 609
928 613
930 617
932 621
934 625
936 629
938 633
940 637
941 641
942 645
943 649
943 653
943 657
943 661
943 665
943 669
943 673
943 677
943 681
943 685
943 689
943 693
943 697
943 701
943 705
943 709
944 713
945 717
946 721
947 725
948 729
949 733
950 737
951 741
952 745
952 749
952 753
952 757
952 761
952 765
952 769
952 773
952 777
952 781
952 785
952 789
952 793
952 797
952 801
952 805
952 809
952 813
952 817
952 821
952 825
952 829
952 833
952 837
952 841
952 845
952 849
952 853
952 857
952 861
952 865
952 869
952 873
952 877
952 881
952 885
952 889
952 893
952 897
952 901
953 905
954 909
955 913
956 917
957 921
958 925
959 929
960 933
961 937
962 941
963 945
965 949
967 953
969 957
971 961
974 964
977 967
980 970
983 973
986 976
989 979
992 982
995 985
998 988
1001 991
1004 994
1007 997
1010 1000
1014 1002
1018 1004
1022 1006
1026 1008
1030 1009
1034 1010
1038 1011
1042 1012
1046 1012
1050 1012
1054 1012
1058 1012
1062 1012
1066 1012
1070 1012
1074 1012
1078 1012
1082 1012
1086 1012
1090 1012
1094 1012
1098 1012
1102 1012
1106 1012
1110 1012
1114 1012
1118 1012
1122 1012
1126 1012
1130 1012
1134 1012
1138 1012
1142 1012
1146 1012
1150 1012
1154 1012
1158 1012
1162 1012
1166 1012
1170 1012
1175 1011
1180 1010
1185 1009
1190 1008
1195 1007
1200 1006
1204 1005
1208 1004
1212 1003
1216 1001
1220 999
1224 997
1228 994
1232 991
1236 988
1239 984
1242 980
1245 976
1248 972
1251 968
1254 964
1256 959
1258 954
1260 949
1261 944
1262 939
1263 934
1264 929
1265 924
1266 919
1267 914
1267 909
1267 904
1267 899
1267 894
1267 889
1267 884
1267 879
1267 874
1267 869
1267 864
1267 859
1267 854
1267 849
1267 844
1267 839
1267 834
1267 829
1267 824
1267 819
1267 814
1267 809
1267 804
1267 799
1267 794
1267 789
1267 784
1267 779
1267 774
1267 769
1267 764
1267 759
1267 754
1267 749
1267 744
1267 739
1267 734
1267 729
1267 724
1267 719
1267 714
1267 709
1267 704
1267 699
1267 694
1267 689
1267 684
1267 679
1267 674
1267 669
1267 664
1267 659
1267 654
1267 649
1267 644
1267 639
1267 634
1267 629
1267 624
1267 619
1267 614
1267 609
1267 604
1267 599
1267 594
1267 589
1267 584
1267 579
1267 574
1267 569
1267 564
1267 559
1267 554
1267 549
1267 544
1267 539
1267 534
1267 529
1267 524
1267 519
1267 514
1267 509
1267 504
1267 499
1267 494
1267 489
1267 484
1267 479
1267 474
1267 469
1267 464
1267 459
1267 454
1267 449
1267 444
1267 439
1267 434
1267 429
1267 424
1267 419
1267 414
1267 409
1267 404
1267 399
1267 394
1267 389
1267 384
1267 379
1267 374
1267 369
1267 364
1267 359
1267 354
1266 349
1265 344
1264 339
1263 334
1262 329
1261 324
1260 319
1259 314
1258 309
1257 304
1256 299
1254 294
1252 289
1250 284
1248 279
1245 274
1242 269
1239 264
1236 259
1232 255
1228 251
1224 247
1220 243
1216 239
1212 235
1208 231
1204 227
1200 223
1196 219
1192 215
1187 212
1182 209
1177 206
1172 204
1167 202
1162 200
1157 198
1152 197
1147 196
1142 195
1137 194
1132 193
1127 192
1122 191
1117 190
1112 189
1107 188
1102 187
1097 186
1092 185
1087 184
1082 183
1077 182
1072 181
1067 180
1062 179
1057 178
1052 177
1047 176
1042 176
1037 176
1032 176
1027 176
1022 177
1017 178
1012 179
1007 180
1002 181
997 182
992 183
987 184
982 185
977 185
972 185
967 185
962 185
957 185
952 185
947 185
942 185
937 185
932 185
927 185
922 185
917 185
912 185
907 185
902 185
897 185
892 185
887 185
882 185
877 185
872 185
867 185
862 185
857 185
852 185
847 185
842 185
837 185
832 185
827 185
822 185
817 185
812 185
807 185
802 185
797 185
792 185
787 185
782 185
777 185
772 185
767 185
762 185
757 185
752 185
747 185
742 185
737 185
732 185
727 185
722 185
717 185
712 185
707 185
702 185
697 185
692 185
687 185
682 185
677 185
672 185
667 185
662 185
657 185
652 185
647 185
642 185
637 185
632 185
627 185
622 185
617 185
612 185
607 185
602 185
597 185
592 185
587 185
582 185
577 185
572 185
567 185
562 185
557 185
552 185
547 185
542 185
537 185
532 185
527 185
522 185
517 185
512 185
507 185
502 185
497 185
492 185
487 185
482 185
477 185
472 185
467 185
462 185
457 185
452 185
447 185
442 185
437 185
432 185
427 185
422 185
417 185
412 185
407 185
402 185
397 185
392 185
387 185
382 185
377 185
372 185
367 185
362 185
357 185
352 185
347 185
342 185
337 185
332 185
327 185
322 185
317 185
312 185
307 185
302 185
297 185
292 185
287 185
282 185
277 185
272 185
267 185
262 185
257 186
252 187
247 188
242 189
237 191
232 193
227 195
222 197
217 199
212 201
208 204
204 207
200 210
196 213
192 216
188 219
185 223
182 227
179 231
176 235
174 239
172 243
170 247
169 251
168 255
167 259
166 264
165 269
164 274
164 278
164 282
164 286
164 290
164 294
164 298
164 302
164 306
164 310
164 314
164 318
164 322
164 326
164 330
164 334
164 338
164 342
164 346
164 350
164 354
164 358
164 362
164 366
164 370
165 374
166 378
167 382
168 386
169 390
170 394
171 398
172 402
173 406
174 410
175 414
176 418
177 422
178 426
179 430
180 434
181 438
182 442
183 446
184 450
185 454
186 458
187 462
188 466
189 470
190 474
191 478
192 482
193 486
194 490
194 494
194 498
194 502
194 506
194 510
194 514
194 518
194 522
194 526
194 530
194 534
194 538
194 542
194 546
194 550
193 555
192 560
191 565
190 570
189 575
189 579
189 583
189 587
189 591
189 595
189 599
189 603
189 607
189 611
189 615
189 619
189 623
189 627
189 631
189 635
189 639
189 643
189 647
189 651
189 655
189 659
189 663
189 667
189 671
189 675
189 679
189 683
189 687
189 691
189 695
189 699
189 703
189 707
189 711
189 715
