133 662
133 667
133 672
133 677
133 682
133 687
133 692
133 697
133 702
133 707
133 712
133 717
133 722
133 727
133 732
133 737
133 742
133 747
133 752
133 757
133 762
133 767
133 772
133 777
133 782
133 787
133 792
133 797
133 802
133 807
133 812
133 817
133 822
133 827
133 832
133 837
133 842
133 847
133 852
133 857
133 862
133 867
133 872
133 877
133 882
133 887
133 892
133 897
133 902
133 907
133 912
133 917
133 922
133 927
133 932
133 937
133 942
133 947
133 952
133 957
133 962
133 967
133 972
133 977
133 982
133 987
133 992
133 997
133 1002
133 1007
133 1012
133 1017
133 1022
133 1027
133 1032
133 1037
133 1042
133 1047
133 1052
133 1057
133 1062
133 1067
133 1072
133 1077
133 1082
133 1087
133 1092
133 1097
133 1102
133 1107
133 1112
133 1117
133 1122
133 1127
133 1132
133 1137
133 1142
133 1147
133 1152
133 1157
133 1162
133 1167
133 1172
133 1177
133 1182
133 1187
133 1192
133 1197
133 1202
133 1207
133 1212
133 1217
133 1222
133 1227
133 1232
133 1237
133 1242
133 1247
133 1252
133 1257
133 1262
133 1267
133 1272
133 1277
133 1282
133 1287
133 1292
133 1297
133 1302
133 1307
133 1312
133 1317
133 1322
133 1327
133 1332
133 1337
133 1342
133 1347
133 1352
133 1357
133 1362
133 1367
133 1371
133 1375
133 1379
133 1383
133 1387
133 1391
133 1395
133 1399
134 1403
135 1407
136 1411
137 1415
138 1419
139 1423
140 1427
141 1431
142 1435
143 1439
144 1443
145 1447
147 1451
149 1455
151 1459
153 1463
155 1467
157 1471
159 1475
161 1479
163 1483
165 1487
167 1491
169 1495
171 1499
173 1503
175 1507
177 1511
179 1515
181 1519
183 1523
185 1527
188 1530
191 1533
194 1536
197 1539
200 1542
203 1545
206 1548
209 1551
212 1554
215 1557
218 1560
221 1563
224 1566
228 1568
232 1570
236 1572
240 1573
244 1574
248 1575
252 1576
256 1577
260 1578
264 1579
268 1580
272 1581
276 1581
280 1581
284 1581
288 1581
292 1581
296 1581
300 1581
304 1581
308 1581
312 1581
316 1581
320 1581
324 1581
328 1581
332 1581
336 1581
340 1581
344 1581
348 1581
352 1581
356 1581
360 1581
364 1581
368 1581
372 1581
376 1581
380 1581
384 1581
388 1581
392 1581
396 1581
400 1581
404 1581
408 1581
412 1581
416 1581
420 1581
424 1581
428 1581
432 1581
436 1581
440 1581
444 1581
448 1581
452 1581
456 1581
460 1581
464 1581
468 1581
472 1581
476 1581
480 1581
484 1581
488 1581
492 1581
496 1581
500 1581
504 1581
508 1581
512 1581
516 1581
520 1581
524 1581
528 1581
532 1581
536 1581
540 1581
544 1581
548 1581
552 1581
556 1581
560 1581
564 1581
568 1581
572 1581
576 1581
580 1581
584 1581
588 1581
592 1581
596 1581
600 1581
605 1580
610 1579
615 1578
620 1577
625 1576
630 1575
634 1574
638 1573
642 1572
646 1570
650 1568
654 1566
658 1563
662 1560
666 1557
669 1553
672 1549
675 1545
678 1541
681 1537
683 1532
685 1527
687 1522
689 1517
690 1512
691 1507
692 1502
693 1497
694 1492
694 1487
694 1482
694 1477
694 1472
694 1467
694 1462
694 1457
694 1452
694 1447
694 1442
694 1437
694 1432
694 1427
694 1422
694 1417
694 1412
694 1407
694 1402
694 1397
694 1392
694 1387
694 1382
694 1377
694 1372
694 1367
694 1362
694 1357
694 1352
694 1347
694 1342
694 1337
694 1332
694 1327
694 1322
694 1317
694 1312
694 1307
694 1302
694 1297
694 1292
694 1287
694 1282
694 1277
694 1272
694 1267
694 1262
694 1257
694 1252
694 1247
694 1242
694 1237
694 1232
694 1227
694 1222
694 1217
694 1212
694 1207
694 1202
694 1197
694 1192
694 1187
694 1182
694 1177
694 1172
694 1167
694 1162
694 1157
694 1152
694 1147
694 1142
694 1137
694 1132
694 1127
694 1122
694 1117
694 1112
694 1107
694 1102
694 1097
694 1092
694 1087
694 1082
694 1077
694 1072
694 1067
694 1062
694 1057
694 1052
694 1047
694 1042
694 1037
694 1032
694 1027
694 1022
694 1017
694 1012
694 1007
694 1002
694 997
694 992
694 987
694 982
694 977
694 972
694 967
694 962
694 957
694 952
694 947
694 942
694 937
694 932
694 927
694 922
694 917
694 912
694 907
694 902
694 897
694 892
694 887
694 882
694 877
693 872
692 867
691 862
690 857
689 852
688 847
688 842
688 837
688 832
688 827
688 822
688 817
688 812
688 807
688 802
688 797
688 792
688 787
688 782
688 777
688 772
688 767
688 762
688 757
688 752
688 747
688 742
688 737
688 732
688 727
688 722
688 717
688 712
688 707
688 702
688 697
688 692
688 687
688 682
688 677
688 672
688 667
688 662
688 657
688 652
688 647
688 642
688 637
688 632
689 627
690 622
691 617
692 612
693 607
695 602
697 597
699 592
701 587
704 583
707 579
710 575
713 571
716 567
720 564
724 561
728 558
732 555
736 552
740 549
744 546
748 543
752 540
756 537
760 534
764 531
768 528
772 526
776 524
780 522
784 521
788 520
793 519
798 518
803 517
808 516
813 515
818 514
823 513
827 513
831 513
835 514
839 515
843 516
847 517
851 518
855 519
859 520
863 521
867 522
871 523
875 524
879 526
883 528
887 530
891 532
895 534
899 536
902 539
905 542
908 545
911 548
914 551
917 554
920 557
923 560
925 564
927 568
929 572
930 576
931 580
932 584
932 588
932 592
932 596
932 600
932 604
932 608
932 612
932 616
932 620
932 624
932 628
932 632
933 636
934 640
935 644
936 648
937 652
938 656
939 660
939 664
939 668
939 672
939 676
939 680
939 684
939 688
939 692
939 696
939 700
939 704
939 708
939 712
939 716
939 720
939 724
939 728
939 732
939 736
939 740
939 744
939 748
939 752
939 756
939 760
939 764
939 768
939 772
939 776
939 780
939 784
939 788
939 792
939 796
939 800
939 804
939 808
939 812
939 816
939 820
939 824
939 828
940 832
941 836
942 840
943 844
944 848
945 852
946 856
947 860
948 864
949 868
950 872
951 876
952 880
953 884
954 888
955 892
956 896
957 900
958 904
959 908
960 912
961 916
962 920
964 924
966 928
968 932
970 936
972 940
974 944
976 948
978 952
980 956
982 960
984 964
987 967
990 970
993 973
996 976
999 979
1002 982
1005 985
1008 988
1011 991
1014 994
1017 997
1020 1000
1024 1002
1028 1004
1032 1006
1036 1007
1040 1008
1044 1009
1048 1010
1052 1011
1056 1012
1060 1013
1064 1014
1068 1015
1072 1016
1076 1017
1080 1018
1084 1019
1088 1020
1092 1021
1096 1021
1100 1021
1104 1021
1108 1021
1112 1021
1116 1021
1121 1020
1126 1019
1131 1018
1136 1017
1141 1016
1146 1015
1151 1014
1156 1013
1161 1012
1166 1011
1171 1010
1176 1009
1181 1008
1186 1007
1190 1006
1194 1005
1198 1004
1202 1003
1206 1002
1210 1001
1214 999
1218 997
1222 995
1226 992
1230 989
1234 986
1238 983
1242 980
1246 977
1249 973
1252 969
1255 965
1258 961
1261 957
1264 953
1267 949
1270 945
1273 941
1276 937
1278 932
1280 927
1281 922
1282 917
1283 912
1284 907
1284 902
1284 897
1284 892
1284 887
1284 882
1284 877
1284 872
1284 867
1284 862
1284 857
1284 852
1284 847
1284 842
1284 837
1284 832
1283 827
1282 822
1281 817
1280 812
1279 807
1278 802
1277 797
1276 792
1275 787
1274 782
1273 777
1272 772
1271 767
1270 762
1269 757
1268 752
1267 747
1266 742
1265 737
1264 732
1263 727
1262 722
1261 717
1260 712
1259 707
1258 702
1258 697
1258 692
1258 687
1258 682
1258 677
1258 672
1258 667
1258 662
1258 657
1258 652
1258 647
1258 642
1258 637
1258 632
1258 627
1258 622
1258 617
1258 612
1258 607
1258 602
1258 597
1258 592
1258 587
1258 582
1258 577
1258 572
1258 567
1258 562
1258 557
1258 552
1258 547
1258 542
1258 537
1258 532
1258 527
1258 522
1258 517
1258 512
1258 507
1258 502
1258 497
1258 492
1258 487
1258 482
1258 477
1258 472
1258 467
1258 462
1258 457
1258 452
1258 447
1258 442
1258 437
1258 432
1258 427
1258 422
1258 417
1258 412
1258 407
1258 402
1258 397
1258 392
1258 387
1258 382
1258 377
1258 372
1258 367
1258 362
1258 357
1258 352
1258 347
1258 342
1258 337
1258 332
1258 327
1258 322
1258 317
1257 312
1256 307
1255 302
1254 297
1253 292
1252 287
1251 282
1250 277
1249 272
1248 267
1246 262
1244 257
1242 252
1240 247
1238 242
1235 237
1232 232
1229 227
1225 223
1221 219
1217 215
1213 211
1209 207
1205 203
1201 199
1197 195
1193 191
1188 188
1183 185
1178 182
1173 180
1168 178
1163 176
1158 175
1153 174
1148 173
1143 172
1138 171
1133 170
1128 169
1123 168
1118 167
1113 166
1108 165
1103 164
1098 163
1093 162
1088 162
1083 162
1078 162
1073 162
1068 162
1063 162
1058 162
1053 162
1048 162
1043 162
1038 162
1033 162
1028 162
1023 162
1018 162
1013 162
1008 162
1003 162
998 162
993 162
988 162
983 162
978 162
973 162
968 162
963 162
958 162
953 162
948 162
943 162
938 162
933 162
928 162
923 162
918 162
913 162
908 162
903 162
898 162
893 162
888 162
883 162
878 162
873 162
868 162
863 162
858 162
853 162
848 162
843 162
838 162
833 162
828 162
823 162
818 162
813 162
808 162
803 162
798 162
793 162
788 162
783 162
778 162
773 162
768 162
763 162
758 162
753 162
748 162
743 162
738 162
733 162
728 162
723 162
718 162
713 162
708 162
703 162
698 162
693 162
688 162
683 162
678 162
673 162
668 162
663 162
658 162
653 162
648 162
643 162
638 162
633 162
628 162
623 162
618 162
613 162
608 162
603 162
598 162
593 162
588 162
583 162
578 162
573 162
568 162
563 162
558 162
553 162
548 162
543 162
538 162
533 162
528 162
523 162
518 162
513 162
508 162
503 162
498 162
493 162
488 162
483 162
478 162
473 162
468 162
463 162
458 162
453 162
448 162
443 162
438 162
433 162
428 162
423 162
418 162
413 162
408 162
403 162
398 162
393 162
388 162
383 162
378 162
373 162
368 162
363 162
358 162
353 162
348 162
343 162
338 162
333 162
328 162
323 163
318 164
313 165
308 166
303 167
298 168
293 169
288 170
283 171
278 172
273 174
268 176
263 178
259 181
255 184
251 187
247 190
243 193
239 196
235 199
231 202
228 206
225 210
222 214
220 218
218 222
217 226
216 230
215 234
214 238
213 242
212 246
211 250
209 254
207 258
205 262
203 266
201 270
198 274
195 278
192 282
188 285
184 288
180 291
176 294
173 298
170 302
168 306
166 310
164 314
163 318
162 322
161 327
160 332
159 337
158 342
157 347
156 352
155 357
154 362
154 366
154 370
154 374
154 378
155 382
156 386
157 390
159 394
161 398
163 402
165 406
167 410
169 414
171 418
172 422
173 426
174 430
174 434
174 438
174 442
173 447
172 452
171 457
170 462
169 467
168 471
167 475
166 479
165 483
164 487
163 491
162 495
161 499
159 503
157 507
155 511
153 515
151 519
149 523
147 527
145 531
143 535
141 539
140 543
139 547
138 551
137 555
136 559
135 563
134 568
133 573
132 578
132 582
132 586
132 590
132 594
133 598
134 602
134 606
134 610
134 614
134 618
134 622
134 626
134 630
134 634
134 638
134 642
134 646
134 650
134 654
134 658
134 662
