158 615
158 620
158 625
158 630
158 635
158 640
157 644
156 648
155 652
154 656
153 660
152 664
150 668
147 672
143 675
138 677
133 678
128 678
123 678
118 678
113 678
108 678
103 678
98 678
93 678
88 678
83 678
78 678
73 680
69 683
65 686
63 690
62 694
62 699
62 703
64 707
67 710
70 713
73 716
76 719
79 722
82 725
85 728
88 731
91 734
94 737
97 740
100 743
103 746
106 749
109 752
112 755
115 758
118 761
121 764
124 767
125 771
125 775
125 780
123 784
120 788
116 791
111 792
106 793
101 794
96 795
91 795
86 795
81 795
76 795
71 795
66 795
61 795
56 795
51 794
46 792
42 788
38 784
35 779
33 774
32 769
32 764
33 759
35 754
38 750
42 747
46 744
50 741
54 738
58 735
62 733
66 731
70 729
74 727
78 725
82 723
86 721
90 719
94 717
98 715
102 713
106 711
110 709
114 707
118 705
122 703
126 701
130 698
134 695
138 692
142 689
146 686
150 683
154 680
157 676
159 671
160 666
160 661
159 656
157 651
154 646
150 642
146 638
141 636
136 635
131 635
126 635
121 637
117 640
113 643
110 647
109 651
108 656
108 660
110 664
112 668
114 672
116 676
118 680
121 683
124 686
127 689
130 692
133 695
136 698
139 701
143 703
147 704
152 704
157 704
162 704
166 704
170 704
174 704
178 704
182 704
186 704
190 704
194 705
198 707
201 710
203 714
204 718
204 722
203 726
201 730
198 734
194 737
189 739
184 740
179 740
174 739
169 737
164 735
159 733
154 732
149 731
144 730
139 729
134 728
129 728
124 728
119 728
114 728
109 728
104 728
99 728
94 728
89 728
84 728
79 728
74 730
70 733
66 736
64 740
63 744
62 749
62 753
63 757
66 760
69 763
73 765
77 767
81 769
85 770
89 771
93 772
97 773
101 774
105 775
109 775
114 775
118 774
122 773
126 772
130 771
135 771
140 771
145 771
150 771
154 771
158 771
162 771
166 771
170 771
174 771
178 771
182 771
186 771
190 771
194 771
198 771
202 771
206 771
210 771
214 771
218 771
222 771
226 771
230 771
234 771
238 771
242 771
246 771
250 771
254 771
258 771
262 771
266 771
270 771
274 771
278 771
282 771
286 771
290 771
294 772
298 773
302 774
306 775
310 776
314 777
318 779
321 782
323 786
324 790
324 794
323 799
322 803
319 807
315 810
311 813
306 815
301 816
296 817
291 818
286 819
281 820
276 821
271 822
266 823
261 823
256 823
251 823
246 823
241 823
236 823
231 823
226 823
221 823
216 823
211 823
206 823
201 823
196 823
191 823
186 823
181 822
176 820
172 816
168 812
165 807
163 802
162 797
161 792
160 787
159 782
158 777
158 772
158 767
158 762
158 757
158 752
158 747
159 742
161 737
164 733
167 729
171 726
175 725
180 724
184 724
188 725
192 727
196 729
200 731
204 733
208 735
212 736
216 737
220 738
224 739
228 740
232 741
236 742
240 742
245 741
249 740
253 737
256 733
259 729
261 724
262 719
261 714
260 709
258 704
255 699
251 695
247 691
243 687
239 683
235 679
231 675
227 671
223 667
219 663
215 659
211 655
207 651
203 647
199 643
195 639
191 635
187 631
183 627
179 623
175 619
171 615
167 611
163 607
159 603
155 599
151 595
147 591
143 587
139 583
135 579
131 575
127 571
123 567
119 563
115 559
111 555
107 551
103 547
98 544
93 543
88 543
83 543
78 544
73 546
69 549
66 553
64 557
63 561
62 566
63 570
64 574
65 578
66 582
67 586
68 590
69 594
70 598
71 602
72 606
73 610
74 614
75 618
75 622
75 626
75 630
75 634
75 638
75 642
74 647
73 651
71 655
68 659
64 662
60 665
55 666
50 666
45 666
40 665
35 663
30 660
26 656
23 651
21 646
20 641
19 636
20 631
22 626
25 622
28 618
32 615
36 614
41 613
46 612
51 611
56 610
61 609
66 608
71 607
76 606
81 605
86 604
90 603
94 602
98 601
102 600
106 599
110 598
114 596
118 593
121 589
124 585
126 580
126 575
125 570
124 565
122 560
119 555
115 551
110 548
105 546
100 545
95 545
90 545
85 545
80 544
75 543
70 542
65 541
60 540
55 539
50 538
45 536
40 533
36 529
33 524
31 519
30 514
29 509
29 504
31 499
34 495
37 491
41 488
45 486
50 485
55 484
60 483
65 482
69 482
73 482
77 482
81 482
85 482
89 482
93 482
97 482
101 482
105 482
109 483
113 484
117 485
121 486
125 488
129 490
133 492
137 494
140 497
143 500
146 503
149 506
152 509
155 512
158 515
161 518
163 522
165 526
167 530
169 534
171 538
173 542
174 546
175 550
176 554
177 558
177 562
177 566
177 570
177 574
177 579
177 584
177 589
177 594
177 599
177 604
177 609
177 614
177 619
177 624
177 628
177 632
177 636
177 640
177 644
177 648
178 652
180 656
183 659
187 661
191 662
195 662
200 661
204 660
208 659
212 658
216 657
220 656
224 655
228 654
232 653
236 652
240 651
244 650
248 649
252 648
256 647
260 646
264 645
268 644
272 643
276 642
280 640
284 638
288 636
292 633
296 630
300 627
303 623
306 619
309 615
312 611
315 607
318 603
321 599
323 594
325 589
327 584
328 579
329 574
330 569
331 564
332 559
333 554
334 549
335 544
336 539
337 534
338 529
339 524
340 519
341 514
342 509
343 504
344 499
345 494
346 489
347 484
348 479
349 474
350 469
351 464
352 459
352 454
352 449
352 444
352 439
352 434
352 429
351 424
350 419
349 414
348 409
347 404
346 399
345 394
344 389
343 384
342 379
341 374
340 369
339 364
338 359
337 354
335 349
333 344
331 339
328 334
325 329
322 324
319 319
315 315
311 311
307 307
303 303
299 299
295 295
291 291
286 288
281 285
276 282
271 279
266 277
261 275
256 273
251 271
246 270
241 269
236 268
231 268
226 268
221 268
216 268
211 268
206 269
201 270
196 271
191 273
186 275
181 277
177 280
173 283
169 286
165 289
161 292
157 295
154 299
151 303
148 307
146 311
144 315
142 319
141 323
140 327
139 331
138 336
137 341
136 346
136 350
136 354
136 358
137 362
138 366
139 370
141 374
143 378
145 382
147 386
149 390
151 394
153 398
155 402
156 406
157 410
158 414
159 418
159 422
159 426
159 430
159 434
159 438
159 442
159 446
159 450
159 454
159 458
159 462
159 466
159 470
159 474
159 478
159 482
159 486
159 490
159 494
159 498
159 502
159 506
159 510
159 514
159 518
159 522
159 526
159 530
159 534
159 538
159 542
159 546
159 550
159 554
159 558
159 562
159 566
159 570
159 574
159 578
159 582
159 586
159 590
159 594
159 598
159 602
159 606
159 610
159 614
159 618
159 622
