154 1303
154 1308
154 1313
154 1318
154 1323
154 1328
154 1333
154 1338
154 1343
154 1348
154 1353
154 1358
154 1363
154 1368
154 1373
154 1377
154 1381
154 1385
154 1389
154 1393
154 1397
154 1401
155 1405
156 1409
157 1413
158 1417
159 1421
160 1425
161 1429
162 1433
163 1437
164 1441
165 1445
166 1449
167 1453
168 1457
169 1461
170 1465
171 1469
172 1473
173 1477
174 1481
175 1485
176 1489
177 1493
179 1497
181 1501
183 1505
185 1509
187 1513
189 1517
191 1521
193 1525
195 1529
198 1532
201 1535
204 1538
207 1541
210 1544
213 1547
216 1550
219 1553
222 1556
225 1559
228 1562
231 1565
234 1568
237 1571
241 1573
245 1575
249 1577
253 1578
257 1579
261 1579
265 1579
269 1579
273 1579
277 1579
282 1578
287 1577
292 1576
297 1575
302 1574
306 1574
310 1574
314 1574
318 1574
322 1575
326 1576
330 1577
334 1578
338 1579
342 1580
346 1581
350 1582
354 1583
358 1584
362 1585
366 1586
370 1587
374 1588
378 1588
382 1588
386 1588
390 1588
394 1588
398 1588
402 1588
406 1588
410 1588
414 1588
418 1588
422 1589
426 1590
430 1591
434 1592
438 1593
442 1594
446 1595
450 1596
454 1597
458 1598
462 1599
466 1600
470 1601
474 1602
478 1603
482 1604
486 1605
490 1606
494 1607
498 1608
502 1609
506 1610
510 1611
514 1612
518 1612
522 1612
526 1612
530 1612
535 1611
540 1610
545 1609
550 1608
555 1607
560 1606
565 1605
569 1604
573 1603
577 1602
581 1601
585 1600
589 1599
593 1598
597 1597
601 1596
605 1595
609 1593
613 1591
617 1589
621 1586
625 1583
629 1580
633 1577
637 1574
641 1571
644 1567
647 1563
650 1559
653 1555
656 1551
658 1546
660 1541
662 1536
663 1531
664 1526
665 1521
665 1516
665 1511
665 1506
665 1501
665 1496
665 1491
665 1486
665 1481
665 1476
665 1471
665 1466
665 1461
665 1456
665 1451
665 1446
665 1441
665 1436
665 1431
665 1426
665 1421
665 1416
665 1411
665 1406
665 1401
665 1396
665 1391
665 1386
665 1381
665 1376
665 1371
665 1366
665 1361
665 1356
665 1351
665 1346
665 1341
665 1336
665 1331
665 1326
665 1321
665 1316
665 1311
665 1306
665 1301
665 1296
665 1291
665 1286
665 1281
665 1276
665 1271
665 1266
665 1261
665 1256
665 1251
665 1246
665 1241
665 1236
665 1231
665 1226
665 1221
665 1216
666 1211
667 1206
668 1201
669 1196
670 1191
671 1186
672 1181
672 1176
672 1171
672 1166
672 1161
672 1156
672 1151
672 1146
672 1141
672 1136
672 1131
672 1126
672 1121
672 1116
672 1111
672 1106
672 1101
672 1096
672 1091
672 1086
672 1081
672 1076
672 1071
672 1066
672 1061
672 1056
672 1051
672 1046
672 1041
672 1036
672 1031
672 1026
672 1021
672 1016
672 1011
672 1006
672 1001
673 996
674 991
675 986
676 981
677 976
678 971
679 966
680 961
681 956
682 951
682 946
682 941
682 936
682 931
682 926
682 921
682 916
682 911
682 906
682 901
682 896
682 891
682 886
682 881
682 876
682 871
682 866
682 861
682 856
682 851
682 846
682 841
682 836
682 831
682 826
682 821
682 816
682 811
682 806
682 801
682 796
682 791
682 786
682 781
682 776
682 771
682 766
682 761
682 756
682 751
682 746
682 741
682 736
682 731
682 726
682 721
682 716
682 711
682 706
682 701
682 696
682 691
682 686
682 681
682 676
682 671
682 666
682 661
682 656
682 651
682 646
682 641
682 636
683 631
684 626
685 621
686 616
687 611
688 606
689 601
690 596
692 591
694 586
696 581
699 577
702 573
705 569
708 565
711 561
714 557
718 554
722 551
726 548
730 546
734 544
738 542
742 541
746 540
750 539
755 538
760 537
765 536
770 535
775 534
780 533
785 532
790 531
795 530
800 529
805 528
810 527
814 527
818 527
822 527
826 528
830 529
834 530
838 531
842 532
846 533
850 534
854 535
858 536
862 537
866 539
870 541
874 543
878 545
882 547
886 549
889 552
892 555
895 558
898 561
901 564
903 568
905 572
907 576
908 580
909 584
909 588
909 592
909 596
909 600
909 604
909 608
909 612
909 616
909 620
909 624
909 628
909 632
909 636
909 640
909 644
909 648
909 652
909 656
909 660
910 664
911 668
912 672
913 676
914 680
915 684
916 688
917 692
918 696
919 700
920 704
921 708
922 712
923 716
924 720
925 724
927 728
929 732
931 736
933 740
935 744
937 748
938 752
939 756
940 760
941 764
942 768
942 772
942 776
942 780
942 784
942 788
942 792
942 796
942 800
942 804
942 808
942 812
942 816
942 820
942 824
942 828
943 832
944 836
945 840
946 844
947 848
948 852
949 856
950 860
951 864
952 868
953 872
954 876
955 880
956 884
957 888
958 892
959 896
960 900
961 904
962 908
963 912
964 916
965 920
966 924
967 928
968 932
969 936
970 940
971 944
972 948
973 952
974 956
975 960
977 964
979 968
981 972
984 975
987 978
990 981
993 984
996 987
999 990
1002 993
1005 996
1008 999
1011 1002
1015 1004
1019 1006
1023 1008
1027 1009
1031 1010
1035 1011
1039 1011
1043 1011
1047 1011
1051 1011
1055 1011
1059 1011
1063 1011
1067 1011
1071 1011
1075 1011
1079 1011
1083 1011
1087 1011
1091 1011
1095 1011
1099 1011
1103 1011
1107 1011
1111 1011
1115 1011
1119 1011
1123 1011
1127 1011
1131 1011
1135 1011
1139 1011
1143 1011
1147 1011
1151 1011
1155 1011
1159 1011
1163 1011
1168 1010
1173 1009
1178 1008
1183 1007
1188 1006
1193 1005
1198 1004
1203 1003
1207 1002
1211 1001
1215 999
1219 997
1223 995
1227 992
1231 989
1235 986
1238 982
1241 978
1244 974
1247 970
1250 966
1252 961
1254 956
1256 951
1257 946
1258 941
1259 936
1260 931
1261 926
1262 921
1263 916
1264 911
1264 906
1264 901
1264 896
1264 891
1264 886
1264 881
1264 876
1264 871
1263 866
1262 861
1261 856
1260 851
1259 846
1258 841
1257 836
1256 831
1255 826
1254 821
1253 816
1252 811
1251 806
1250 801
1250 796
1250 791
1250 786
1250 781
1250 776
1250 771
1250 766
1250 761
1250 756
1250 751
1250 746
1250 741
1250 736
1250 731
1250 726
1250 721
1250 716
1250 711
1250 706
1250 701
1251 696
1252 691
1253 686
1254 681
1255 676
1256 671
1257 666
1258 661
1258 656
1258 651
1258 646
1258 641
1258 636
1258 631
1258 626
1258 621
1258 616
1258 611
1258 606
1258 601
1258 596
1258 591
1258 586
1258 581
1258 576
1258 571
1258 566
1258 561
1258 556
1258 551
1258 546
1258 541
1258 536
1258 531
1258 526
1258 521
1258 516
1258 511
1258 506
1258 501
1258 496
1258 491
1258 486
1258 481
1258 476
1258 471
1258 466
1258 461
1258 456
1258 451
1258 446
1258 441
1258 436
1258 431
1258 426
1258 421
1258 416
1258 411
1257 406
1256 401
1255 396
1254 391
1253 386
1252 381
1251 376
1250 371
1249 366
1248 361
1247 356
1246 351
1245 346
1244 341
1243 336
1242 331
1241 326
1240 321
1238 316
1236 311
1234 306
1232 301
1229 296
1226 291
1222 287
1218 283
1214 279
1210 275
1206 271
1202 267
1198 263
1194 259
1190 255
1186 251
1182 247
1178 243
1174 239
1170 235
1166 231
1162 227
1158 223
1154 219
1150 215
1146 211
1142 207
1138 203
1134 199
1130 195
1126 191
1122 187
1118 183
1114 179
1110 175
1105 172
1100 169
1095 166
1090 164
1085 162
1080 161
1075 160
1070 159
1065 158
1060 157
1055 157
1050 157
1045 157
1040 157
1035 157
1030 157
1025 157
1020 157
1015 157
1010 157
1005 157
1000 157
995 157
990 157
985 157
980 157
975 157
970 157
965 157
960 157
955 157
950 157
945 157
940 157
935 157
930 157
925 157
920 157
915 157
910 157
905 157
900 157
895 157
890 157
885 157
880 157
875 157
870 157
865 157
860 157
855 157
850 157
845 157
840 157
835 157
830 157
825 157
820 157
815 157
810 157
805 157
800 157
795 157
790 157
785 157
780 157
775 157
770 157
765 157
760 157
755 157
750 157
745 157
740 157
735 157
730 157
725 157
720 157
715 157
710 157
705 157
700 157
695 157
690 157
685 157
680 157
675 157
670 157
665 157
660 157
655 157
650 157
645 157
640 157
635 157
630 157
625 157
620 157
615 157
610 157
605 157
600 157
595 157
590 157
585 157
580 157
575 157
570 157
565 157
560 157
555 157
550 157
545 157
540 157
535 157
530 157
525 157
520 157
515 157
510 157
505 157
500 157
495 157
490 157
485 157
480 157
475 157
470 157
465 157
460 157
455 157
450 157
445 157
440 157
435 157
430 157
425 157
420 157
415 157
410 157
405 157
400 157
395 157
390 157
385 157
380 157
375 157
370 157
365 157
360 157
355 157
350 157
345 157
340 157
335 157
330 158
325 159
320 160
315 161
310 162
305 163
300 164
295 165
290 166
285 167
280 168
275 169
270 170
265 171
260 172
255 173
250 174
245 176
240 178
235 180
230 182
225 184
221 187
217 190
213 193
209 196
205 199
202 203
199 207
196 211
194 215
192 219
190 223
189 227
188 231
187 235
186 240
185 245
185 249
185 253
185 257
185 261
184 266
183 271
182 276
181 281
181 285
181 289
181 293
181 297
181 301
181 305
181 309
181 313
181 317
181 321
181 325
181 329
181 333
181 337
181 341
181 345
181 349
181 353
181 357
181 361
181 365
181 369
181 373
181 377
181 381
181 385
181 389
181 393
181 397
181 401
181 405
181 409
181 413
181 417
181 421
181 425
181 429
181 433
181 437
181 441
181 445
181 449
181 453
181 457
181 461
181 465
181 469
180 474
179 479
178 484
177 489
176 494
175 499
175 503
175 507
175 511
175 515
175 519
175 523
175 527
175 531
175 535
175 539
175 543
175 547
175 551
175 555
175 559
