154 960
155 964
156 968
157 972
158 976
159 980
160 984
161 988
162 992
163 996
163 1000
163 1004
163 1008
163 1012
163 1017
163 1022
163 1027
163 1032
163 1037
163 1042
163 1047
163 1052
163 1057
163 1062
163 1067
162 1071
161 1075
160 1079
159 1083
158 1087
157 1091
156 1095
156 1100
156 1105
156 1110
156 1115
156 1119
156 1123
156 1127
156 1131
156 1135
156 1139
156 1143
157 1147
158 1151
159 1155
160 1159
161 1163
162 1167
163 1171
164 1175
165 1179
166 1183
167 1187
168 1191
169 1195
170 1199
171 1203
172 1207
173 1211
174 1215
175 1219
176 1223
177 1227
177 1231
177 1235
177 1239
177 1243
177 1248
177 1253
177 1258
177 1263
177 1268
177 1273
177 1278
177 1283
176 1287
175 1291
174 1295
173 1299
172 1303
171 1307
170 1311
169 1315
168 1319
167 1323
166 1327
166 1332
166 1337
166 1342
166 1347
166 1352
166 1357
166 1362
166 1367
166 1372
166 1377
166 1382
166 1387
166 1392
166 1397
166 1402
166 1407
166 1412
166 1417
166 1422
166 1427
166 1432
166 1437
166 1442
166 1447
166 1452
166 1457
166 1462
166 1467
166 1472
166 1477
166 1482
166 1487
166 1492
166 1497
166 1502
166 1507
166 1512
166 1517
166 1522
166 1527
166 1532
166 1536
166 1540
166 1544
166 1548
167 1552
168 1556
169 1560
171 1564
173 1568
175 1572
177 1576
179 1580
181 1584
184 1587
187 1590
190 1593
193 1596
196 1599
199 1602
202 1605
205 1608
209 1610
213 1612
217 1614
221 1616
225 1617
229 1618
233 1619
237 1620
241 1620
245 1620
249 1620
253 1620
257 1620
261 1620
265 1620
270 1619
275 1618
280 1617
285 1616
290 1615
295 1614
300 1613
305 1612
309 1612
313 1612
317 1612
321 1612
325 1612
329 1612
333 1612
337 1612
341 1612
345 1612
349 1612
353 1612
357 1612
361 1612
365 1612
369 1612
373 1612
377 1612
381 1612
385 1612
389 1612
393 1612
397 1612
401 1612
405 1612
409 1612
413 1612
417 1612
421 1612
425 1612
430 1611
435 1610
440 1609
445 1608
450 1607
455 1606
460 1605
465 1604
470 1603
475 1602
479 1602
483 1602
487 1602
491 1602
495 1602
499 1603
503 1604
507 1605
511 1606
515 1607
519 1608
523 1609
527 1610
531 1610
535 1610
539 1610
543 1610
548 1609
553 1608
558 1607
563 1606
568 1605
573 1604
578 1603
583 1602
588 1601
593 1600
598 1599
603 1598
607 1597
611 1596
615 1595
619 1593
623 1591
627 1589
631 1587
635 1584
639 1581
643 1578
647 1575
650 1571
653 1567
656 1563
659 1559
662 1555
665 1551
668 1547
670 1542
672 1537
674 1532
676 1527
677 1522
678 1517
679 1512
680 1507
680 1502
680 1497
680 1492
679 1487
678 1482
677 1477
676 1472
675 1467
674 1462
673 1457
672 1452
671 1447
670 1442
669 1437
669 1432
669 1427
669 1422
669 1417
669 1412
669 1407
670 1402
671 1397
672 1392
673 1387
674 1382
675 1377
676 1372
677 1367
678 1362
679 1357
680 1352
681 1347
682 1342
684 1337
686 1332
688 1327
690 1322
692 1317
694 1312
696 1307
697 1302
698 1297
699 1292
699 1287
699 1282
699 1277
699 1272
698 1267
697 1262
696 1257
695 1252
694 1247
693 1242
692 1237
691 1232
690 1227
689 1222
688 1217
687 1212
686 1207
685 1202
684 1197
684 1192
684 1187
684 1182
684 1177
684 1172
685 1167
686 1162
687 1157
688 1152
689 1147
690 1142
691 1137
692 1132
693 1127
694 1122
694 1117
694 1112
694 1107
694 1102
694 1097
693 1092
692 1087
691 1082
690 1077
689 1072
688 1067
687 1062
686 1057
685 1052
684 1047
683 1042
682 1037
681 1032
680 1027
679 1022
678 1017
677 1012
676 1007
675 1002
675 997
675 992
675 987
676 982
677 977
678 972
679 967
680 962
682 957
684 952
686 947
688 942
690 937
691 932
692 927
693 922
694 917
694 912
694 907
694 902
694 897
693 892
692 887
691 882
690 877
689 872
688 867
687 862
686 857
684 852
682 847
680 842
678 837
676 832
674 827
672 822
670 817
668 812
666 807
665 802
664 797
663 792
662 787
661 782
660 777
659 772
659 767
659 762
659 757
659 753
659 749
659 745
659 740
659 735
659 730
660 725
661 720
662 715
664 710
666 705
668 700
670 695
672 690
674 685
676 680
678 675
680 670
682 665
684 660
686 655
688 650
690 645
692 640
694 635
696 630
698 625
700 620
702 615
704 610
706 605
708 600
710 595
712 590
714 585
716 580
719 576
722 572
725 568
728 564
731 560
734 556
737 552
740 548
743 544
747 541
751 538
755 535
759 533
763 531
767 529
771 527
775 525
779 524
783 523
787 522
791 521
796 520
801 519
806 518
811 517
816 516
820 516
824 516
828 516
832 516
836 517
840 518
844 519
848 520
852 522
856 524
860 526
864 528
868 530
872 532
876 534
879 537
882 540
885 543
888 546
891 549
894 552
897 555
900 558
903 561
906 564
908 568
910 572
912 576
914 580
916 584
917 588
918 592
919 596
920 600
920 604
920 608
920 612
920 616
920 620
920 624
920 628
920 632
921 636
922 640
923 644
924 648
926 652
928 656
930 660
932 664
934 668
936 672
938 676
940 680
942 684
943 688
944 692
945 696
945 700
945 704
945 708
945 712
945 716
945 720
945 724
945 728
945 732
945 736
945 740
945 744
945 748
945 752
945 756
945 760
945 764
945 768
945 772
945 776
946 780
947 784
948 788
949 792
950 796
951 800
952 804
953 808
954 812
955 816
955 820
955 824
955 828
955 832
955 836
955 840
955 844
955 848
955 852
955 856
955 860
955 864
955 868
955 872
955 876
955 880
955 884
955 888
955 892
955 896
956 900
957 904
958 908
959 912
961 916
963 920
965 924
967 928
969 932
971 936
973 940
975 944
977 948
979 952
981 956
983 960
985 964
988 967
991 970
994 973
997 976
1000 979
1003 982
1006 985
1009 988
1012 991
1015 994
1018 997
1022 999
1026 1001
1030 1003
1034 1005
1038 1006
1042 1007
1046 1008
1050 1009
1054 1009
1058 1009
1062 1009
1066 1009
1070 1009
1074 1009
1078 1009
1082 1010
1086 1011
1090 1012
1094 1013
1098 1015
1102 1017
1106 1019
1110 1020
1114 1021
1118 1022
1122 1023
1126 1024
1130 1025
1134 1025
1138 1025
1142 1025
1146 1025
1150 1025
1154 1025
1158 1025
1162 1025
1166 1025
1170 1025
1174 1025
1178 1025
1182 1025
1186 1025
1190 1025
1194 1025
1199 1024
1204 1023
1209 1022
1214 1021
1219 1020
1224 1019
1229 1018
1234 1017
1239 1016
1243 1015
1247 1014
1251 1013
1255 1011
1259 1009
1263 1007
1267 1004
1271 1001
1275 998
1279 995
1283 992
1286 988
1289 984
1292 980
1295 976
1298 972
1301 968
1304 964
1307 960
1310 956
1313 952
1315 947
1316 942
1315 937
1314 932
1312 927
1309 922
1305 918
1301 914
1297 910
1293 906
1289 902
1285 898
1281 894
1277 890
1273 886
1269 882
1266 877
1263 872
1260 867
1257 862
1254 857
1251 852
1249 847
1247 842
1245 837
1243 832
1242 827
1241 822
1240 817
1239 812
1238 807
1237 802
1236 797
1235 792
1234 787
1233 782
1233 777
1233 772
1233 767
1233 762
1234 757
1235 752
1236 747
1237 742
1239 737
1241 732
1243 727
1245 722
1248 718
1251 714
1254 710
1257 706
1260 702
1263 698
1265 693
1267 688
1269 683
1271 679
1272 675
1273 671
1274 667
1275 663
1276 659
1277 655
1278 650
1279 645
1280 640
1281 635
1282 630
1283 625
1283 620
1283 615
1283 610
1283 605
1283 600
1282 595
1281 590
1280 585
1279 580
1278 575
1277 570
1277 565
1277 560
1277 555
1277 550
1277 545
1277 540
1277 535
1278 530
1279 525
1280 520
1281 515
1282 510
1283 505
1284 500
1284 495
1284 490
1284 485
1284 480
1284 475
1284 470
1283 465
1282 460
1281 455
1280 450
1279 445
1278 440
1277 435
1276 430
1275 425
1274 420
1273 415
1272 410
1271 405
1270 400
1270 395
1270 390
1270 385
1270 380
1270 375
1269 370
1268 365
1267 360
1266 355
1265 350
1264 345
1263 340
1262 335
1261 330
1260 325
1259 320
1258 315
1257 310
1256 305
1255 300
1254 295
1253 290
1252 285
1251 280
1250 275
1249 270
1248 265
1247 260
1246 255
1244 250
1242 245
1240 240
1238 235
1236 230
1233 225
1230 220
1227 215
1224 210
1221 205
1217 201
1213 197
1209 193
1205 189
1201 185
1197 181
1193 177
1189 173
1185 169
1181 165
1177 161
1173 157
1168 154
1163 151
1158 148
1153 145
1148 142
1143 139
1138 136
1133 133
1128 131
1123 130
1118 129
1113 129
1108 130
1103 132
1099 135
1095 138
1092 142
1089 146
1085 149
1081 152
1077 155
1073 158
1069 161
1065 164
1061 167
1057 170
1053 173
1049 176
1045 179
1041 182
1037 185
1033 188
1029 191
1025 194
1021 197
1016 199
1011 200
1006 200
1001 199
996 198
991 197
986 195
981 193
976 191
971 189
966 187
961 185
956 183
951 181
946 180
941 179
936 178
931 177
926 176
921 175
916 174
911 173
906 172
901 171
896 170
891 169
886 168
881 167
876 166
871 165
866 165
861 165
856 165
851 165
846 166
841 167
836 168
831 169
826 170
821 171
816 171
811 171
806 171
801 171
796 171
791 171
786 171
781 171
776 171
771 171
766 171
761 171
756 171
751 171
746 171
741 171
736 171
731 171
726 171
721 171
716 171
711 171
706 171
701 171
696 171
691 171
686 171
681 171
676 171
671 171
666 170
661 169
656 168
651 167
646 166
641 165
636 164
631 163
626 162
621 162
616 162
611 162
606 162
601 162
596 162
591 162
586 163
581 164
576 165
571 166
566 167
561 169
556 171
551 173
546 175
541 177
536 179
531 181
526 183
521 185
516 187
511 188
506 189
501 190
496 191
491 191
486 191
481 191
476 191
471 192
466 193
461 194
456 195
451 196
446 197
441 198
436 200
431 202
426 204
421 205
416 206
411 207
406 208
401 209
396 210
391 211
386 211
381 210
376 209
371 207
366 204
362 201
358 198
354 195
350 192
346 189
342 187
337 185
332 183
327 181
322 179
317 177
312 175
307 173
302 171
297 170
292 169
287 168
282 167
277 166
272 165
267 164
262 163
257 163
252 163
247 163
242 164
237 165
232 166
227 168
222 170
217 172
213 175
209 178
205 181
201 184
197 187
193 190
190 194
187 198
184 202
182 206
180 210
178 214
176 218
174 222
172 226
171 230
170 235
170 239
170 243
170 247
170 251
170 255
170 259
170 263
170 267
170 271
170 275
170 279
170 283
170 287
170 291
170 295
170 299
170 303
171 307
172 311
173 315
174 319
175 323
176 327
177 331
178 335
179 339
179 343
179 347
179 351
179 355
179 359
179 363
179 367
179 371
179 375
179 379
179 383
179 387
179 391
179 395
179 399
179 403
179 407
179 411
179 415
179 419
179 423
179 427
179 431
179 435
179 439
179 443
179 447
180 451
181 455
182 459
182 463
182 467
182 471
182 475
182 479
182 483
182 487
182 491
182 495
182 499
182 503
182 507
182 511
182 515
182 519
182 523
182 527
182 531
182 535
182 539
182 543
182 547
183 551
184 555
