183 761
183 782
183 803
183 823
183 843
177 863
177 884
180 905
178 926
176 946
174 968
174 988
176 1010
176 1030
177 1050
176 1073
175 1094
175 1116
178 1137
179 1160
182 1180
183 1202
183 1224
183 1244
182 1265
177 1294
175 1316
174 1337
179 1357
183 1378
183 1398
183 1419
183 1440
181 1462
175 1482
168 1503
164 1526
163 1548
167 1568
172 1588
181 1607
195 1622
216 1631
242 1627
260 1618
280 1610
299 1603
319 1600
339 1597
359 1605
377 1617
397 1622
417 1623
439 1629
460 1635
483 1638
503 1638
525 1638
545 1639
567 1641
587 1636
601 1621
613 1605
624 1586
636 1569
648 1549
654 1527
661 1506
671 1487
682 1468
685 1448
682 1428
671 1410
665 1390
664 1370
663 1350
663 1329
663 1309
659 1289
662 1268
661 1247
661 1226
662 1206
665 1186
665 1165
666 1145
665 1125
663 1105
661 1083
669 1064
672 1044
680 1023
687 1002
695 983
702 962
706 942
711 922
711 901
709 878
705 858
703 838
701 817
696 796
688 770
692 750
707 735
714 715
716 694
714 673
716 651
719 630
722 610
725 590
727 569
734 549
751 536
771 539
787 551
807 553
827 545
847 544
867 546
888 551
907 559
925 570
941 583
952 601
963 620
975 637
981 658
985 678
990 699
993 721
992 741
989 761
978 778
966 794
957 812
946 831
940 851
938 871
950 888
965 902
980 919
997 934
1015 945
1032 957
1046 973
1059 990
1076 1009
1092 1021
1110 1031
1132 1038
1154 1041
1175 1041
1195 1035
1214 1027
1230 1015
1244 999
1253 980
1260 960
1268 941
1269 918
1271 898
1272 878
1273 858
1272 838
1269 814
1269 794
1268 773
1268 752
1266 732
1265 710
1261 690
1258 670
1257 649
1255 626
1254 606
1257 586
1259 566
1257 546
1254 526
1251 495
1268 481
1286 471
1290 451
1292 431
1293 411
1293 390
1290 369
1285 347
1277 328
1270 309
1260 288
1245 266
1230 252
1199 237
1177 220
1156 214
1136 213
1114 207
1090 201
1070 196
1050 195
1030 195
1009 196
989 196
968 199
947 202
927 205
906 208
886 209
865 208
844 208
824 208
804 208
783 206
760 201
740 197
720 193
700 190
679 187
658 185
634 184
613 182
593 176
573 173
553 173
533 173
513 173
493 175
471 181
451 185
431 189
411 192
390 193
370 193
349 188
322 189
301 194
280 196
260 198
237 201
215 209
193 223
180 239
171 262
167 286
167 309
166 329
166 350
167 372
168 397
168 417
170 438
173 459
172 479
175 501
179 524
182 546
184 566
185 586
185 606
188 626
