181 652
181 657
181 662
181 667
181 672
181 677
181 682
181 687
181 692
181 697
181 702
181 707
181 712
181 717
181 722
181 727
181 732
181 737
181 742
181 747
181 752
181 757
181 762
181 767
181 772
181 777
181 782
181 787
181 792
181 797
181 802
181 807
181 812
181 817
181 822
181 827
181 832
181 837
181 842
181 847
181 852
181 857
181 862
181 867
181 872
181 877
181 882
181 887
181 892
181 897
181 902
181 907
181 912
181 917
181 922
181 927
181 932
181 937
181 942
181 947
181 952
181 957
181 962
181 967
181 972
181 977
181 982
181 987
181 992
181 997
181 1002
181 1007
181 1012
181 1017
181 1022
181 1027
181 1032
181 1037
181 1042
181 1047
181 1052
181 1057
181 1062
181 1067
181 1072
181 1077
181 1082
181 1087
181 1092
181 1097
181 1102
181 1107
181 1112
181 1117
181 1122
181 1127
181 1132
181 1137
181 1142
181 1147
181 1152
181 1157
181 1162
181 1167
181 1172
181 1177
181 1182
181 1187
181 1192
181 1197
181 1202
181 1207
181 1212
181 1217
181 1222
181 1227
181 1232
181 1237
181 1242
181 1247
181 1252
181 1257
181 1262
181 1267
181 1272
181 1277
181 1282
181 1287
181 1292
181 1297
181 1302
181 1307
181 1312
181 1317
181 1322
181 1327
181 1332
181 1337
181 1342
181 1347
181 1352
181 1357
181 1362
181 1367
181 1372
181 1377
181 1382
181 1387
181 1392
181 1397
181 1402
181 1407
181 1412
181 1417
181 1422
181 1427
181 1432
181 1437
181 1442
181 1447
181 1452
181 1457
181 1462
181 1467
181 1472
181 1477
181 1482
181 1487
181 1492
181 1497
181 1502
181 1507
181 1512
181 1517
181 1522
181 1526
181 1530
181 1534
182 1538
183 1542
184 1546
185 1550
187 1554
189 1558
191 1562
194 1565
197 1568
200 1571
203 1574
206 1577
209 1580
212 1583
216 1585
220 1587
224 1589
228 1590
232 1591
236 1592
240 1593
244 1593
248 1593
252 1593
256 1593
260 1593
264 1593
268 1593
272 1593
276 1593
280 1593
284 1593
288 1593
292 1593
296 1593
300 1593
304 1593
308 1593
312 1593
316 1593
320 1593
324 1593
328 1593
332 1593
336 1593
340 1593
344 1593
348 1593
352 1593
356 1593
360 1593
364 1593
368 1593
372 1593
376 1593
380 1593
384 1593
388 1593
392 1593
396 1593
400 1593
404 1593
408 1593
412 1593
416 1593
420 1593
424 1593
428 1593
432 1593
436 1593
440 1593
444 1593
448 1593
452 1593
456 1593
460 1593
464 1593
468 1593
472 1593
476 1593
480 1593
484 1593
488 1593
492 1593
496 1593
500 1593
504 1593
508 1593
512 1593
516 1593
520 1593
524 1593
528 1593
532 1593
536 1593
540 1593
544 1593
548 1593
552 1593
556 1593
560 1593
564 1593
568 1593
572 1593
576 1593
580 1593
584 1593
588 1593
592 1593
596 1593
600 1593
604 1593
608 1593
612 1593
616 1593
620 1593
625 1592
630 1591
635 1590
639 1589
643 1588
647 1587
651 1585
655 1583
659 1581
663 1578
667 1575
671 1572
674 1568
677 1564
680 1560
683 1556
686 1552
688 1547
690 1542
692 1537
693 1532
694 1527
695 1522
696 1517
697 1512
697 1507
697 1502
697 1497
697 1492
697 1487
697 1482
697 1477
697 1472
697 1467
697 1462
697 1457
697 1452
697 1447
697 1442
697 1437
697 1432
697 1427
697 1422
697 1417
697 1412
697 1407
697 1402
697 1397
697 1392
697 1387
697 1382
697 1377
697 1372
697 1367
697 1362
697 1357
697 1352
697 1347
697 1342
697 1337
697 1332
697 1327
697 1322
697 1317
697 1312
697 1307
697 1302
697 1297
697 1292
697 1287
697 1282
697 1277
697 1272
697 1267
697 1262
697 1257
697 1252
697 1247
697 1242
697 1237
697 1232
697 1227
697 1222
697 1217
697 1212
697 1207
697 1202
697 1197
697 1192
697 1187
697 1182
697 1177
697 1172
697 1167
697 1162
697 1157
697 1152
697 1147
697 1142
697 1137
697 1132
697 1127
697 1122
697 1117
697 1112
697 1107
697 1102
697 1097
697 1092
697 1087
697 1082
697 1077
697 1072
697 1067
697 1062
697 1057
697 1052
697 1047
697 1042
697 1037
697 1032
697 1027
697 1022
697 1017
697 1012
697 1007
697 1002
697 997
697 992
697 987
697 982
697 977
697 972
697 967
697 962
697 957
697 952
697 947
697 942
697 937
697 932
697 927
697 922
697 917
697 912
697 907
697 902
697 897
697 892
697 887
697 882
697 877
697 872
697 867
697 862
697 857
697 852
697 847
697 842
697 837
697 832
697 827
697 822
697 817
697 812
697 807
697 802
697 797
697 792
697 787
697 782
697 777
697 772
697 767
697 762
697 757
697 752
697 747
697 742
697 737
697 732
697 727
697 722
697 717
697 712
697 707
697 702
697 697
697 692
697 687
697 682
697 677
697 672
697 667
697 662
697 657
697 652
697 647
697 642
697 637
698 632
699 627
700 622
701 617
702 612
703 607
704 602
705 597
706 592
707 587
709 582
711 577
714 573
717 569
720 565
723 561
726 557
729 553
733 550
737 547
741 544
745 541
749 539
753 537
757 535
761 534
765 533
769 532
773 531
778 530
783 529
788 528
793 527
798 526
803 525
807 525
811 525
815 525
819 525
823 525
827 525
831 525
835 525
839 525
843 525
847 525
851 525
855 525
859 525
863 525
867 525
871 525
875 525
879 526
883 527
887 528
891 530
895 532
898 535
901 538
904 541
907 544
910 547
913 550
915 554
917 558
919 562
921 566
922 570
923 574
924 578
925 582
926 586
927 590
927 594
927 598
927 602
927 606
927 610
927 614
927 618
927 622
927 626
927 630
927 634
927 638
927 642
927 646
927 650
927 654
927 658
927 662
927 666
927 670
927 674
927 678
927 682
927 686
927 690
927 694
927 698
928 702
929 706
930 710
931 714
932 718
933 722
934 726
934 730
934 734
934 738
934 742
934 746
934 751
934 756
934 761
934 766
934 771
934 775
934 779
934 783
934 787
934 791
934 795
934 799
934 803
934 807
934 811
934 815
934 819
934 823
934 827
934 831
934 835
934 839
934 843
934 847
934 851
934 855
934 859
934 863
934 867
934 871
934 875
934 879
934 883
935 887
936 891
937 895
938 899
939 903
940 907
941 911
942 915
943 919
944 923
946 927
948 931
950 935
952 939
954 943
956 947
958 951
960 955
962 959
964 963
967 966
970 969
973 972
976 975
979 978
982 981
985 984
989 986
993 988
997 990
1001 992
1005 994
1009 996
1013 998
1017 1000
1021 1002
1025 1004
1029 1005
1033 1006
1037 1007
1041 1008
1045 1008
1049 1008
1053 1008
1057 1008
1061 1008
1065 1008
1069 1008
1073 1008
1077 1008
1081 1008
1085 1008
1089 1008
1093 1008
1097 1008
1101 1008
1105 1008
1109 1008
1113 1008
1117 1008
1121 1008
1125 1008
1129 1008
1133 1008
1137 1008
1141 1008
1145 1008
1149 1008
1153 1008
1157 1008
1161 1008
1166 1007
1171 1006
1176 1005
1181 1004
1185 1003
1189 1002
1193 1001
1197 1000
1201 999
1205 998
1209 996
1213 994
1217 992
1221 989
1225 986
1229 983
1232 979
1235 975
1238 971
1241 967
1244 963
1247 959
1250 955
1253 951
1255 946
1257 941
1259 936
1260 931
1261 926
1261 921
1261 916
1261 911
1261 906
1261 901
1261 896
1261 891
1261 886
1261 881
1261 876
1261 871
1261 866
1261 861
1261 856
1261 851
1261 846
1261 841
1261 836
1261 831
1261 826
1261 821
1261 816
1261 811
1261 806
1261 801
1261 796
1261 791
1261 786
1261 781
1261 776
1261 771
1261 766
1261 761
1261 756
1261 751
1261 746
1261 741
1261 736
1261 731
1261 726
1261 721
1261 716
1261 711
1261 706
1261 701
1261 696
1261 691
1261 686
1261 681
1261 676
1261 671
1261 666
1261 661
1261 656
1261 651
1261 646
1261 641
1261 636
1261 631
1261 626
1261 621
1261 616
1261 611
1261 606
1261 601
1261 596
1261 591
1261 586
1261 581
1261 576
1261 571
1261 566
1261 561
1261 556
1261 551
1261 546
1261 541
1261 536
1261 531
1261 526
1261 521
1261 516
1261 511
1261 506
1261 501
1261 496
1261 491
1261 486
1261 481
1261 476
1261 471
1261 466
1261 461
1261 456
1261 451
1261 446
1261 441
1261 436
1261 431
1261 426
1261 421
1261 416
1261 411
1261 406
1261 401
1261 396
1261 391
1261 386
1261 381
1261 376
1261 371
1261 366
1261 361
1261 356
1261 351
1261 346
1260 341
1259 336
1258 331
1257 326
1256 321
1255 316
1254 311
1253 306
1252 301
1251 296
1249 291
1247 286
1245 281
1242 276
1239 271
1236 266
1232 262
1228 258
1224 254
1220 250
1216 246
1212 242
1208 238
1204 234
1200 230
1196 226
1192 222
1188 218
1184 214
1180 210
1176 206
1172 202
1168 198
1164 194
1159 191
1154 188
1149 185
1144 183
1139 181
1134 179
1129 177
1124 175
1119 173
1114 171
1109 169
1104 167
1099 165
1094 163
1089 161
1084 159
1079 157
1074 155
1069 153
1064 151
1059 149
1054 147
1049 146
1044 145
1039 144
1034 143
1029 142
1024 142
1019 142
1014 142
1009 142
1004 142
999 142
994 142
989 142
984 142
979 142
974 142
969 142
964 142
959 142
954 142
949 142
944 143
939 144
934 145
929 146
924 147
919 148
914 149
909 150
904 151
899 152
894 152
889 152
884 152
879 152
874 152
869 152
864 152
859 152
854 152
849 152
844 152
839 152
834 152
829 152
824 152
819 152
814 152
809 152
804 152
799 152
794 152
789 152
784 152
779 152
774 152
769 152
764 152
759 152
754 152
749 152
744 152
739 152
734 152
729 152
724 152
719 152
714 152
709 152
704 152
699 152
694 152
689 152
684 152
679 152
674 152
669 152
664 152
659 152
654 152
649 152
644 152
639 152
634 152
629 152
624 152
619 152
614 152
609 152
604 152
599 152
594 152
589 152
584 152
579 152
574 152
569 152
564 152
559 152
554 152
549 152
544 152
539 152
534 152
529 152
524 152
519 152
514 152
509 152
504 152
499 152
494 152
489 152
484 152
479 152
474 152
469 152
464 152
459 152
454 152
449 152
444 152
439 152
434 152
429 152
424 152
419 152
414 152
409 152
404 152
399 152
394 152
389 152
384 152
379 152
374 152
369 152
364 153
359 154
354 155
349 156
344 157
339 158
334 159
329 160
324 161
319 162
314 163
309 164
304 165
299 166
294 167
289 168
284 169
279 170
274 171
269 172
264 173
259 175
254 177
249 179
244 181
239 183
234 185
229 187
224 189
219 191
215 194
211 197
207 200
203 203
199 206
196 210
193 214
190 218
188 222
186 226
184 230
183 234
182 238
181 242
180 246
179 250
178 255
177 260
176 265
175 270
174 275
173 280
172 285
171 290
170 295
169 300
168 305
168 309
168 313
168 317
168 321
168 325
168 329
168 333
168 337
168 341
168 345
168 349
168 353
168 357
168 361
168 365
168 369
169 373
170 377
171 381
172 385
173 389
174 393
175 397
175 401
175 405
175 409
175 413
175 417
175 421
175 425
175 429
175 433
175 437
175 441
175 445
175 449
175 453
175 457
175 461
175 465
175 469
175 473
175 477
175 481
175 485
175 489
175 493
175 497
175 501
175 505
175 509
175 513
176 517
177 521
178 525
179 529
180 533
181 537
181 541
181 545
181 549
181 553
181 557
181 561
181 565
181 569
181 573
181 577
181 581
181 585
181 589
